000000 |  -45.8021 27.5014 -72.5781 34.0723 39.5895 134.747 -4.4601 -49.258 -61.1758 68.8303 5.39547 29.2043 -21.2714 -28.6388 12.5219 2.63551 -21.4713 -15.0199 6.49689 31.6914 1.60669 -33.4175 3.14036 -19.7184 -7.7952 -3.60442 -5.71181 -5.56599 -5.9875 0.847984 3.12255 1.21197 0.633948 5.62149 -1.82243 -0.49215 -2.46083 2.26743 -4.81716 |
000001 |  -43.8765 25.4395 -70.5702 31.8737 40.2407 130.35 -4.01994 -48.421 -59.2898 66.4555 4.91437 28.5307 -22.2681 -29.4736 8.32506 0.936504 -15.9674 -12.0766 6.23176 27.3521 4.46363 -29.1433 3.54126 -20.2707 -7.31373 -3.23168 -5.62935 -5.13809 -6.03247 -0.106244 2.93738 0.969849 0.703682 5.45961 -1.46688 -0.274262 -2.13176 2.1468 -4.11994 |
000002 |  -38.4171 19.6823 -64.7816 25.4669 41.8008 117.148 -2.56518 -45.8567 -53.3 59.5872 3.59906 26.6466 -24.8029 -30.8213 -1.63962 -2.96555 -2.82665 -5.01642 5.55468 16.7057 11.173 -18.2565 4.49739 -21.1221 -5.94032 -2.21844 -5.34323 -3.84209 -6.14988 -2.68011 2.42164 0.326805 0.8694 5.00462 -0.523035 0.310286 -1.24647 1.80589 -2.23169 |
000003 |  -30.2642 11.3376 -55.8886 15.3417 43.2207 95.1123 0.273165 -41.4969 -42.3406 48.9288 1.77276 23.9063 -27.5318 -30.7199 -12.3139 -6.77123 11.3628 2.68635 4.74371 4.69717 17.9559 -5.13153 5.47046 -20.6537 -3.86388 -0.828468 -4.74496 -1.63681 -6.28386 -6.04246 1.68227 -0.490564 1.02025 4.34162 0.678531 1.07384 -0.0878424 1.30238 0.273983 |
000004 |  -20.5736 1.88616 -44.8527 2.11022 43.2123 64.2547 4.9981 -35.2714 -25.2328 35.4738 -0.208964 20.6797 -28.7567 -28.3336 -20.1415 -8.90732 21.9043 8.50846 4.09812 -4.63044 21.9445 6.03872 5.99077 -17.7606 -1.35257 0.58854 -3.6936 1.50586 -6.35248 -9.05445 0.865812 -1.19904 1.0214 3.58585 1.7157 1.77562 0.953744 0.713653 2.58929 |
000005 |  -10.5109 -7.28381 -32.7009 -13.6612 40.7652 24.8181 12.1591 -27.1691 -0.821811 20.3662 -2.10112 17.224 -27.2149 -23.9611 -23.7549 -8.82434 26.9642 11.383 3.86904 -9.24499 21.9974 12.5464 5.84581 -12.3288 1.28813 1.68627 -2.06964 5.54791 -6.26175 -10.6325 0.118728 -1.55756 0.767412 2.85146 2.22354 2.2048 1.50476 0.111778 3.92293 |
000006 |  -0.967937 -15.1517 -20.287 -31.3129 35.5374 -22.0042 21.9497 -17.4883 31.0084 4.78841 -3.76681 13.6822 -22.5017 -18.1986 -22.8295 -6.47626 26.1938 10.9839 4.24567 -8.57076 18.1976 13.1733 5.08112 -5.00325 3.7548 2.20108 0.171543 10.2829 -5.90894 -10.1738 -0.449942 -1.43903 0.22015 2.22022 1.99659 2.23536 1.35238 -0.452996 3.82271 |
000007 |  7.3859 -21.0926 -8.41091 -49.5987 28.0477 -72.757 33.6767 -7.0795 67.8625 -10.1315 -5.17481 10.1149 -15.1403 -11.3554 -17.3994 -1.98957 19.7489 7.22802 5.30873 -3.00039 11.396 7.99337 3.92716 3.13848 5.78682 2.01268 2.94848 15.2865 -5.21717 -7.78665 -0.787618 -0.863457 -0.580734 1.714 1.04102 1.85508 0.548566 -0.955402 2.38634 |
000008 |  14.236 -24.8967 2.42084 -66.0847 19.6216 -120.599 45.2008 2.63443 103.69 -23.385 -6.28602 6.58933 -6.57668 -3.41533 -8.39124 4.16519 8.64173 0.542342 6.86564 5.78659 3.25279 -1.28596 2.73475 10.8073 7.19332 1.16723 6.04908 19.9804 -4.17142 -4.21754 -0.913721 0.00984513 -1.52443 1.28527 -0.41972 1.16837 -0.622632 -1.38094 0.198171 |
000009 |  19.4342 -26.6049 11.7212 -77.1068 11.7664 -155.829 53.0374 10.091 129.288 -34.2096 -7.00021 3.17812 1.20103 5.27271 1.30542 10.6824 -3.99721 -7.24186 8.2351 14.3489 -3.83934 -10.9848 1.83805 16.8576 7.88781 -0.123968 9.14783 23.7796 -2.82065 -0.509935 -0.909526 0.921031 -2.45827 0.824366 -1.99381 0.3673 -1.76854 -1.71407 -1.9515 |
000010 |  22.8082 -26.2989 19.0688 -78.9445 5.25299 -169.351 53.566 14.4032 135.745 -42.1627 -7.23537 -0.0180558 6.80713 13.0803 6.55608 15.235 -12.5645 -12.3957 8.29984 18.3436 -7.62813 -16.4453 1.35823 20.753 7.90694 -1.51154 11.8453 26.2222 -1.29095 2.36886 -0.881515 1.59367 -3.23031 0.196456 -3.23439 -0.329391 -2.52549 -1.93442 -3.35586 |
000011 |  24.3104 -24.0923 24.1998 -69.9506 -0.459684 -157.907 45.1929 16.0202 119.894 -47.134 -7.00735 -2.89163 10.5174 17.5996 3.126 15.6045 -12.2184 -11.1633 6.14968 15.3425 -7.45433 -14.8179 1.10772 22.7706 7.3949 -2.58399 13.7337 27.0199 0.267702 3.78593 -0.922238 1.81412 -3.72801 -0.69514 -3.78355 -0.751184 -2.66082 -2.02398 -3.58782 |
000012 |  23.9002 -20.0435 26.8419 -51.7408 -6.83494 -126.235 29.617 16.3136 86.5464 -49.2788 -6.48633 -5.28221 13.6758 18.254 -8.11259 11.5841 -3.65189 -3.35283 1.91607 6.89112 -4.66333 -7.25839 0.771283 23.5278 6.55442 -2.96976 14.4755 26.069 1.72807 3.5916 -1.06528 1.5001 -3.89991 -1.85308 -3.49916 -0.829944 -2.12061 -1.97459 -2.58214 |
000013 |  21.4692 -14.2244 26.9015 -28.2069 -15.0959 -83.8645 10.6272 16.6267 45.2101 -48.8532 -5.93074 -7.02444 17.3328 16.7673 -21.6053 5.14442 7.60976 7.3544 -3.23952 -2.94851 -1.3335 2.23282 0.163399 23.4353 5.57446 -2.43049 13.8566 23.3969 3.02696 2.10445 -1.27947 0.727016 -3.77349 -3.16925 -2.50057 -0.627712 -1.03003 -1.78936 -0.620777 |
000014 |  17.0722 -6.80118 24.4892 -3.42708 -25.5801 -39.9642 -7.93363 17.5573 4.80695 -46.1189 -5.48636 -7.97612 21.8105 14.858 -31.7624 -1.31007 16.2973 16.7807 -7.87363 -10.4494 1.06259 9.63476 -0.699662 22.5933 4.54066 -0.983168 11.869 19.2027 4.1703 0.0848956 -1.47745 -0.297917 -3.43542 -4.45013 -1.11761 -0.294869 0.325795 -1.48782 1.69681 |
000015 |  11.0955 1.79988 20.039 19.6839 -37.6793 -0.348866 -23.6395 19.103 -29.1651 -41.3194 -5.08069 -8.14286 26.8957 13.0371 -35.6987 -6.17042 19.8912 22.4998 -10.8975 -13.466 1.96291 12.5374 -1.69619 21.0265 3.41348 1.08123 8.72198 13.8413 5.18939 -1.47812 -1.55913 -1.30625 -3.00541 -5.48664 0.239182 -0.0093727 1.57631 -1.10073 3.59893 |
000016 |  4.38506 10.6604 14.3898 39.4489 -50.1753 32.3611 -35.6854 20.9099 -55.1962 -34.6831 -4.40638 -7.74004 31.9461 11.1714 -32.6425 -8.60756 17.7963 23.5663 -11.731 -11.1365 1.39358 10.2284 -2.70327 18.8496 2.0698 3.26513 4.81215 7.76601 6.11083 -1.6834 -1.45534 -2.05284 -2.59896 -6.11823 1.21769 0.0914692 2.38175 -0.668324 4.37359 |
000017 |  -1.87794 18.6323 8.87201 54.8556 -61.5266 57.322 -44.2154 22.658 -73.7514 -26.4986 -3.05827 -7.17545 35.7296 9.3461 -22.8059 -8.18668 10.1591 19.6514 -10.2937 -3.54141 -0.311768 3.48137 -3.64456 16.3104 0.382197 5.00553 0.651466 1.39977 6.92763 -0.0758289 -1.14765 -2.37321 -2.3056 -6.27196 1.60625 -0.058381 2.57566 -0.234583 3.67409 |
000018 |  -6.28557 24.3702 5.00483 65.164 -70.1513 74.3298 -49.8186 24.1463 -86.27 -17.1847 -0.696883 -7.00766 36.5461 8.304 -7.32089 -4.90314 -2.14367 11.0366 -7.1444 7.86779 -2.51484 -5.34828 -4.51344 13.7448 -1.69254 5.83388 -3.23774 -4.9326 7.60433 3.17258 -0.685588 -2.23183 -2.15795 -5.97902 1.38529 -0.433243 2.22542 0.163179 1.67355 |
000019 |  -7.63722 26.7654 4.11216 69.8827 -74.7864 83.4239 -53.1655 25.2967 -94.1173 -7.307 2.8022 -7.80647 33.2797 9.12767 10.5416 0.157533 -16.3947 -0.212789 -3.65468 19.4621 -4.13379 -12.5384 -5.36168 11.41 -4.07771 5.49138 -6.41642 -11.0241 8.07941 7.30871 -0.174446 -1.72805 -2.12461 -5.35637 0.722729 -0.926551 1.59405 0.497377 -1.00053 |
000020 |  -5.31275 25.2624 6.86984 68.9802 -74.812 85.0558 -54.7971 26.0764 -98.4362 2.49872 7.26254 -9.94973 27.192 11.8589 24.4356 4.20172 -27.2361 -9.0763 -1.63354 25.928 -3.76843 -14.5426 -6.21202 9.30358 -6.58195 3.99378 -8.63282 -16.7175 8.25171 11.2752 0.258148 -1.05806 -2.12084 -4.56349 -0.0859902 -1.38148 1.01834 0.750841 -3.51472 |
000021 |  0.425957 20.1931 13.0319 63.0816 -70.4271 80.1637 -55.0167 26.4948 -99.8498 11.6438 12.2407 -13.4391 21.5734 14.6289 27.8312 4.07932 -29.1458 -9.73819 -2.04536 23.5501 -0.551707 -10.3716 -6.95074 7.20659 -8.94631 1.61727 -9.8662 -21.8927 8.03833 14.0315 0.475115 -0.466995 -2.02552 -3.76686 -0.683108 -1.62226 0.768859 0.919434 -5.13952 |
000022 |  8.60654 12.4588 21.5445 53.3144 -62.4808 70.0755 -53.9682 26.5584 -98.5482 19.6731 17.0512 -17.8348 18.2908 15.4504 20.1215 -0.500666 -21.5026 -1.15721 -4.10406 13.5415 4.98548 -2.2726 -7.35126 5.01011 -10.8914 -1.14512 -10.3559 -26.4154 7.36898 14.8617 0.387354 -0.156705 -1.72681 -3.07576 -0.787165 -1.51828 0.978346 1.00629 -5.4387 |
000023 |  17.8544 3.32798 30.9505 40.9575 -52.1538 56.1156 -51.5641 26.2947 -94.3428 26.3111 20.8959 -22.361 16.2902 14.1485 7.37207 -6.51093 -9.17688 11.6966 -6.08028 0.874242 11.2184 6.05444 -7.25069 2.90954 -12.1549 -3.6878 -10.5307 -30.1864 6.2429 13.5571 -0.0263265 -0.211677 -1.16995 -2.52315 -0.296336 -1.03008 1.61555 1.02254 -4.36038 |
000024 |  26.9274 -6.06475 39.8731 27.1068 -40.6015 39.2469 -47.6566 25.7135 -86.7911 31.4037 23.0506 -26.1645 14.0973 11.5617 -3.75416 -10.7438 2.34087 22.9998 -6.70915 -9.6678 16.5246 11.563 -6.66446 1.29001 -12.5339 -5.44403 -10.8516 -33.1154 4.73883 10.5063 -0.707201 -0.563117 -0.388216 -2.06098 0.660404 -0.232461 2.48966 0.980296 -2.25407 |
000025 |  34.8623 -14.8767 47.3023 12.4571 -28.7418 19.8859 -41.9771 24.8558 -75.1683 34.8675 23.0663 -28.6267 11.4876 8.34086 -9.86388 -11.7391 10.0481 29.621 -5.64047 -15.4914 19.8774 12.6314 -5.75927 0.526634 -11.9183 -6.05024 -11.6167 -35.0954 3.01363 6.61797 -1.53663 -1.02151 0.503943 -1.59788 1.76824 0.708181 3.27356 0.887887 0.18352 |
000026 |  41.1156 -22.6 52.7084 -2.68022 -17.2177 -2.02815 -34.2853 23.8503 -58.7168 36.688 20.8938 -29.5689 8.88694 4.95047 -10.0269 -9.36367 12.9508 30.621 -3.15021 -15.8441 20.7988 8.97698 -4.75615 0.86232 -10.3254 -5.47784 -12.8037 -35.9607 1.25934 3.06632 -2.36564 -1.35248 1.34689 -1.0423 2.64593 1.59019 3.57256 0.743954 2.09283 |
000027 |  45.5027 -28.9677 55.8592 -18.1496 -6.42502 -26.5914 -24.5498 22.7859 -37.037 36.8914 16.8628 -29.2799 6.35624 1.99785 -4.22141 -3.98623 10.7978 25.8842 0.178628 -10.9971 19.2025 1.56622 -3.82794 2.32463 -7.89338 -3.99975 -14.0808 -35.5432 -0.333913 0.846448 -3.05039 -1.34628 1.97429 -0.34076 2.95328 2.22337 3.05685 0.548643 2.79513 |
000028 |  48.0614 -33.9725 56.832 -33.6232 3.33693 -53.2863 -13.0553 21.8186 -10.6056 35.5523 11.5632 -28.3178 3.0782 0.361796 7.04966 3.6745 3.8194 15.8518 3.59285 -2.10809 15.4544 -7.28108 -3.00057 4.61074 -4.86154 -2.08712 -14.9207 -33.7436 -1.64353 0.385339 -3.49609 -0.918492 2.2873 0.495367 2.53926 2.50379 1.59214 0.30716 2.05894 |
000029 |  48.92 -37.6136 55.6935 -48.217 11.8497 -80.195 -0.689283 21.0647 18.6858 32.7749 5.67489 -27.2883 -2.1157 0.469365 21.4515 12.1905 -6.27764 2.56438 6.30786 8.33995 10.5979 -14.1366 -2.06939 6.99274 -1.51777 -0.236229 -14.7967 -30.6418 -2.62562 1.36422 -3.66064 -0.107957 2.26442 1.40571 1.44776 2.41592 -0.658084 0.049717 0.254075 |
000030 |  48.1973 -39.8973 52.4537 -60.3846 19.028 -103.573 10.9776 20.4549 46.9034 28.6865 -0.152771 -26.6149 -9.35997 1.17655 33.5357 19.175 -14.9561 -9.21664 7.79416 16.4754 6.34591 -15.9499 -0.681552 8.50171 1.84107 1.14731 -13.3338 -26.4648 -3.34114 2.88472 -3.55997 0.921089 1.97224 2.28914 -0.0621593 2.04689 -3.28261 -0.173276 -1.84199 |
000031 |  45.9647 -40.7514 47.1062 -68.2021 25.0369 -118.375 20.0894 19.6136 68.9505 23.4599 -5.4352 -26.4104 -16.9571 -0.153156 36.5438 22.1921 -16.219 -13.7146 8.08174 18.6125 4.36776 -12.0831 1.34501 8.44346 4.94857 1.8077 -10.3886 -21.4979 -3.94695 3.83409 -3.25106 1.93075 1.54042 3.03109 -1.58886 1.55319 -5.7659 -0.302588 -3.38107 |
000032 |  42.0638 -40.0007 39.4794 -70.0029 30.2057 -119.898 25.0719 17.8668 80.2968 17.3138 -9.87588 -26.467 -22.5712 -4.58191 28.0824 20.5532 -7.94858 -9.17241 7.6653 13.84 5.19596 -4.79317 3.75413 6.82613 7.5974 1.65894 -6.07238 -15.9939 -4.61603 3.26826 -2.80744 2.67495 1.13216 3.53423 -2.69698 1.11405 -7.65222 -0.284795 -3.73117 |
000033 |  36.3168 -37.3462 29.4389 -65.1245 34.7176 -105.947 25.5252 14.62 78.8306 10.492 -13.4112 -26.3363 -24.7963 -9.90914 12.3547 15.7279 5.61586 0.423867 7.03216 4.67859 7.92047 2.44689 5.95765 4.27497 9.65826 0.783883 -0.732912 -10.1428 -5.48375 0.644432 -2.28201 2.97785 0.880801 3.74899 -3.07503 0.862881 -8.64967 -0.0890365 -2.61506 |
000034 |  28.4189 -32.3301 16.9315 -54.0903 38.191 -77.9419 22.2963 9.69609 66.1217 3.19589 -16.155 -25.4506 -23.1505 -13.3197 -4.52477 9.82863 18.3342 9.67144 6.36838 -5.02726 10.9633 6.76481 7.33443 1.60853 11.1046 -0.570533 5.1178 -4.0704 -6.55516 -4.02043 -1.68276 2.78826 0.852785 3.692 -2.6455 0.84131 -8.69436 0.2852 -0.155949 |
000035 |  17.8657 -24.2137 1.65639 -38.1675 39.5499 -40.0879 17.1196 3.44432 46.5961 -4.45367 -18.2943 -23.2661 -17.6751 -13.7186 -18.7293 4.36211 26.5316 15.4275 5.63241 -12.3849 13.0107 6.66049 7.44145 -0.516848 12.0066 -2.03087 10.8809 2.19731 -7.68661 -10.1176 -0.965589 2.19019 1.02538 3.4457 -1.59779 0.987392 -7.97514 0.798986 3.13942 |
000036 |  4.27088 -12.4295 -16.3632 -18.7285 37.3368 2.58216 11.6969 -3.43849 25.2586 -12.3367 -20.0309 -19.3654 -9.07067 -11.2918 -28.695 0.170106 29.0756 16.6829 4.7223 -15.9805 13.3677 2.03802 6.11381 -1.76276 12.4889 -3.17182 15.9471 8.68918 -8.61779 -16.5586 -0.0604946 1.37138 1.29811 3.13178 -0.303681 1.17313 -6.91839 1.37227 6.46074 |
000037 |  -12.3247 3.25507 -36.7963 2.95255 30.4795 45.637 7.2635 -10.263 6.02036 -20.2463 -21.5094 -13.5231 0.831205 -6.72361 -33.6572 -2.17761 25.8967 13.2851 3.54769 -15.3346 11.8721 -5.75847 3.55076 -2.19918 12.6479 -3.63129 19.7858 15.4888 -9.04564 -22.0739 1.09559 0.554225 1.53599 2.87859 0.820922 1.26131 -6.06953 1.88933 8.88502 |
000038 |  -31.0754 22.1316 -58.5463 25.3729 19.1044 85.5694 4.37783 -16.4478 -8.90898 -27.7795 -22.8229 -5.77848 8.77636 -1.08283 -32.9618 -2.2214 17.376 5.43784 2.03196 -10.4405 8.76403 -13.891 0.424952 -2.38045 12.4983 -3.19772 21.9923 22.5657 -8.71795 -25.5875 2.51748 -0.0732274 1.62081 2.78457 1.45686 1.15866 -5.87663 2.22378 9.67676 |
000039 |  -49.7903 41.8257 -79.4703 46.245 5.23102 119.256 3.11806 -21.6658 -18.8822 -34.3089 -24.0239 3.5407 11.3121 3.65903 -26.8498 -0.0211926 5.03243 -5.67138 0.121365 -1.84199 4.67716 -18.745 -2.22206 -3.20402 11.9508 -1.87355 22.342 29.5553 -7.50256 -26.6162 4.1483 -0.405386 1.48425 2.89672 1.45034 0.841191 -6.44865 2.2746 8.5967 |
000040 |  -65.2379 58.4946 -96.5934 62.3843 -7.35491 143.551 3.34736 -25.763 -24.0413 -39.0741 -25.0945 13.7947 7.70825 4.55559 -18.3759 2.86165 -7.28208 -16.6256 -2.15933 8.75347 0.679169 -17.9716 -3.49375 -5.32212 10.8465 0.123805 20.8351 35.771 -5.41779 -25.3907 5.85011 -0.446817 1.14448 3.19661 0.853105 0.364 -7.48798 2.00451 5.99015 |
000041 |  -73.9788 67.8591 -106.896 70.4154 -14.3299 155.522 4.77384 -28.6618 -24.77 -41.3733 -25.9035 24.1577 1.89347 -0.471615 -13.8404 3.10065 -14.1525 -22.0529 -4.63019 18.0276 -1.80962 -12.2522 -3.21658 -8.51194 9.02518 2.40384 17.7152 40.3833 -2.65866 -22.6724 7.42708 -0.292521 0.691303 3.60853 -0.10848 -0.159484 -8.41709 1.44881 2.62581 |
000042 |  -73.7354 67.1108 -108.577 68.2007 -12.9076 153.294 7.26291 -30.3117 -21.2682 -40.7008 -26.2039 33.771 -0.717351 -9.38204 -18.4557 -1.9 -12.8645 -18.5206 -6.96461 22.0387 -1.50671 -4.63957 -1.95598 -11.7734 6.4081 4.4984 13.4238 42.7061 0.418488 -19.4383 8.6636 -0.0915752 0.259164 4.01991 -1.09154 -0.585035 -8.63923 0.698258 -0.61638 |
000043 |  -64.7271 56.5054 -101.927 55.9988 -3.49173 136.789 10.7819 -30.6076 -13.4326 -36.8966 -25.6588 41.9837 1.53978 -16.5011 -31.3151 -10.8914 -6.21746 -8.14901 -8.86426 18.9843 1.91141 1.6812 -0.534328 -14.0499 3.04504 5.95542 8.524 42.44 3.36699 -16.5282 9.3651 0.00291061 -0.00972499 4.30563 -1.71312 -0.773811 -7.76739 -0.127604 -3.04125 |
000044 |  -49.5526 39.2599 -89.1076 36.326 10.5473 107.665 15.3609 -29.4121 -0.772739 -30.2288 -23.9449 48.3171 6.57638 -18.0657 -46.812 -19.9565 0.879442 3.76782 -10.2016 10.8671 7.45333 4.82258 0.375256 -14.762 -0.876586 6.42828 3.59013 39.697 5.75481 -14.4259 9.40859 -0.102795 -0.0290246 4.37167 -1.69612 -0.649796 -5.6998 -0.912883 -4.25941 |
000045 |  -31.6748 19.6576 -73.1452 12.7443 24.7243 68.6594 20.9518 -26.5765 17.2051 -21.3561 -20.8917 52.4482 11.7591 -14.7325 -59.6265 -25.9067 5.48989 13.1285 -11.0052 1.76572 13.4795 4.32356 0.433571 -13.8562 -5.062 5.74638 -0.884281 34.9695 7.28382 -13.1461 8.76642 -0.410135 0.205786 4.18137 -0.969183 -0.227777 -2.61539 -1.57423 -4.25175 |
000046 |  -14.1269 1.28238 -56.7605 -11.4498 35.4889 23.0929 27.3356 -22.071 40.2427 -11.2359 -16.5605 54.1074 15.2413 -8.99609 -66.6252 -27.3309 6.9541 18.0548 -11.3692 -5.06349 18.6023 0.862826 -0.312346 -11.6274 -9.16531 3.93677 -4.5367 28.9508 7.88981 -12.2388 7.50239 -0.829676 0.616614 3.75653 0.303621 0.385044 1.09642 -2.08301 -3.35132 |
000047 |  1.24485 -13.8997 -41.7515 -33.7404 41.2577 -24.8659 33.9322 -16.2052 66.5907 -0.922942 -11.2974 53.0645 15.3056 -2.80817 -66.1988 -23.8025 5.52249 17.7556 -11.4123 -8.25425 22.0561 -3.94184 -1.41606 -8.50919 -12.834 1.23671 -7.17736 22.37 7.72486 -10.9351 5.74919 -1.20974 1.06068 3.1542 1.77555 1.01754 4.9499 -2.46907 -2.13755 |
000048 |  13.7635 -25.4859 -28.9407 -52.2731 42.4501 -69.6643 39.6558 -9.82082 92.1396 8.62189 -5.62617 49.213 10.0388 2.84054 -57.6348 -15.3343 1.6232 11.7908 -11.2644 -7.87709 23.5866 -7.91776 -2.14823 -4.8948 -15.7513 -1.94179 -8.79379 15.8402 7.07927 -8.41755 3.67314 -1.38978 1.37618 2.44472 3.03953 1.48914 8.48631 -2.79677 -1.24877 |
000049 |  23.5664 -33.9473 -18.4843 -65.5693 40.7655 -104.409 43.0992 -4.13929 110.664 16.676 -0.12299 42.6969 -1.25135 7.25558 -41.7629 -2.86762 -3.85941 0.748922 -11.0509 -4.71267 23.2755 -9.2362 -1.85955 -0.999907 -17.6677 -5.06091 -9.5436 9.76435 6.253 -4.14811 1.43852 -1.25162 1.43009 1.6863 3.75483 1.65795 11.3811 -3.11323 -1.13539 |
000050 |  31.036 -40.1201 -10.2385 -72.5662 38.0816 -122.527 42.9362 -0.347801 115.924 22.787 4.718 33.982 -15.9525 9.17704 -22.7189 10.545 -8.73313 -11.8485 -10.8619 0.171682 21.4008 -7.45197 -0.442201 3.08345 -18.4138 -7.53585 -9.71816 4.31588 5.44724 1.89861 -0.816245 -0.758071 1.15112 0.913578 3.73705 1.45174 13.4856 -3.40671 -1.869 |
000051 |  36.5726 -44.8028 -3.95768 -72.9347 35.4347 -120.59 38.6497 1.0706 104.624 26.7203 8.59413 23.8357 -27.9464 6.71344 -8.34682 19.7433 -9.58528 -18.9205 -10.7255 5.68037 18.3635 -3.65635 1.54194 7.18066 -17.9119 -8.8362 -9.66153 -0.485226 4.71912 9.20115 -2.99306 0.0321365 0.54884 0.137343 3.00362 0.87371 14.7979 -3.59622 -3.13529 |
000052 |  40.3006 -48.3185 0.432256 -67.2751 32.5692 -100.163 30.7885 0.628126 78.2859 28.3793 11.4505 13.0607 -31.7479 -0.555963 -5.00257 20.8764 -4.51824 -14.6645 -10.607 10.9501 14.6007 0.389763 3.22769 10.9401 -16.1849 -8.61475 -9.65943 -4.64591 3.97283 16.8885 -5.03644 0.972808 -0.293494 -0.654519 1.76601 -0.0106726 15.3977 -3.56946 -4.4016 |
000053 |  42.2029 -50.8232 3.12394 -56.838 28.3291 -66.9172 20.6535 -0.424642 42.5492 27.7343 13.5223 2.20177 -27.0207 -9.64651 -11.1313 15.0446 4.24101 -0.911707 -10.4428 15.6207 10.4894 3.19631 3.89979 13.9532 -13.3677 -6.8296 -9.82027 -8.12788 3.05343 24.0032 -6.92731 1.86262 -1.24011 -1.49614 0.375915 -1.09972 15.385 -3.23474 -5.15116 |
000054 |  42.0282 -51.9825 4.33688 -43.0033 21.4553 -27.7496 9.75955 -0.874331 4.10975 24.8472 15.2952 -8.53758 -17.1471 -16.5754 -19.5857 6.60512 12.4097 15.0294 -10.1884 19.8569 6.2591 3.89569 3.17249 15.9146 -9.70429 -3.77578 -10.0323 -10.8592 1.82731 29.773 -8.66368 2.49562 -2.13994 -2.43068 -0.781428 -2.28664 14.8487 -2.56182 -5.0692 |
000055 |  39.52 -51.0529 4.79509 -26.881 11.216 11.7151 -0.744873 -0.00237283 -31.6443 19.9224 17.4259 -19.1795 -5.32514 -19.7053 -24.6907 -0.801211 17.1999 27.1477 -9.84512 23.9023 1.87462 2.32606 1.01018 16.6862 -5.5388 -0.0243468 -10.0091 -12.7677 0.273306 33.7823 -10.2331 2.71689 -2.86616 -3.48498 -1.41476 -3.48281 13.8529 -1.59968 -4.12838 |
000056 |  34.4492 -46.466 6.12226 -9.36726 -2.36607 47.8947 -10.1435 2.37604 -61.729 13.3652 20.4946 -29.7164 6.29225 -19.658 -24.3516 -5.35176 17.9112 32.7946 -9.39304 27.0873 -3.33177 -0.886094 -2.24793 16.3181 -1.27729 3.7311 -9.42541 -13.8618 -1.46851 36.0083 -11.5905 2.46373 -3.34325 -4.64132 -1.4238 -4.62437 12.4215 -0.470172 -2.59317 |
000057 |  26.9871 -35.0464 11.8587 8.49963 -18.5182 78.4864 -18.1607 6.0493 -85.1758 5.82221 24.7942 -39.8296 15.5273 -17.7676 -18.2035 -6.15397 14.9162 31.1293 -8.68562 26.2015 -11.7969 -4.3097 -5.84148 15.0489 2.66525 6.83477 -8.05721 -14.2475 -3.09277 36.7419 -12.6496 1.77748 -3.54994 -5.81945 -0.924395 -5.66422 10.5265 0.654789 -0.94242 |
000058 |  18.4131 -9.75229 30.2172 24.9669 -35.6254 101.138 -24.626 10.4228 -101.972 -1.7611 30.1435 -48.7375 19.5751 -14.9559 -6.1289 -2.64012 9.13117 21.9964 -7.58153 12.6372 -30.427 -6.0564 -8.68284 13.2257 5.91953 8.76442 -5.86761 -14.0967 -4.26718 36.3945 -13.2914 0.778992 -3.49652 -6.88067 -0.178086 -6.55678 8.09394 1.592 0.2855 |
000059 |  12.6913 39.0646 73.6417 37.1832 -51.2686 112.424 -29.3652 14.9048 -112.459 -8.14412 35.7836 -55.1119 16.3274 -11.6523 11.2958 4.87156 2.18522 6.67914 -7.39894 -26.0137 -69.9462 -4.71356 -9.82322 11.1307 8.22964 9.22804 -3.05343 -13.6711 -4.77944 35.234 -13.3869 -0.356947 -3.20724 -7.64983 0.502733 -7.25407 5.04588 2.20502 0.707891 |
000060 |  15.0724 91.7287 126.668 41.9752 -62.7326 108.914 -32.0061 18.6593 -116.587 -12.1353 40.5344 -57.649 7.60486 -8.63756 29.9695 13.3124 -3.54056 -9.89915 -10.4544 -72.3989 -113.296 -0.251658 -9.07875 8.84887 9.49182 8.18213 0.0432503 -13.2262 -4.60383 33.2183 -12.8294 -1.45485 -2.69333 -7.96145 0.892065 -7.69777 1.38702 2.45092 0.25489 |
000061 |  15.8484 85.5807 120.967 38.3407 -68.3827 90.8338 -32.1687 21.0539 -114.169 -13.3778 43.5084 -55.944 0.589579 -7.17218 41.4462 16.339 -6.14653 -19.4432 -6.13258 -64.1012 -92.5054 5.82208 -7.25834 6.35529 9.77479 5.89709 3.07115 -13.0356 -3.88196 30.0424 -11.5687 -2.38648 -1.95763 -7.74778 0.918534 -7.82179 -2.6872 2.37568 -0.786772 |
000062 |  5.49487 42.3824 69.6111 28.7262 -68.3685 63.2851 -29.9776 21.9342 -105.339 -12.75 44.6824 -50.7562 2.06596 -6.43343 39.9594 9.20642 -5.93734 -16.8918 13.2879 -22.8014 -24.2365 11.4383 -5.37351 3.7951 9.31377 2.99654 5.72877 -13.3472 -2.73898 25.3417 -9.63253 -3.0735 -1.02339 -7.1036 0.656453 -7.54855 -6.75392 2.08634 -1.87781 |
000063 |  -3.8585 14.8781 34.9193 16.5039 -64.0879 31.2735 -25.8702 21.744 -90.5929 -11.4204 44.1101 -43.0689 11.4417 -4.39533 28.9464 -5.30281 -4.97123 -6.07742 32.8658 -0.797428 25.7298 15.0891 -3.95533 1.47763 8.47033 0.284473 7.72587 -14.348 -1.35187 18.8413 -7.11041 -3.49391 0.0839925 -6.21871 0.323954 -6.80007 -10.3023 1.7124 -2.46871 |
000064 |  -7.0174 3.1976 22.2749 3.92438 -57.4787 -2.7403 -20.3038 21.0627 -70.4882 -10.1486 41.426 -33.5141 22.9614 -0.666148 16.3341 -19.8426 -4.67093 5.25075 44.78 3.74617 50.3271 16.3377 -3.02005 -0.321738 7.64528 -1.48321 8.77978 -16.169 -0.0113479 10.4416 -4.09311 -3.61819 1.29176 -5.24594 0.148475 -5.5259 -12.8714 1.38468 -2.14384 |
000065 |  -6.1781 -2.74919 19.4725 -7.86886 -50.1066 -37.5387 -13.7433 20.2839 -45.8824 -9.22729 36.2844 -22.5373 31.662 3.56112 7.52962 -29.0378 -4.97033 12.2288 49.6622 2.66919 61.0152 15.6318 -2.18525 -1.41965 7.10679 -1.85102 8.74625 -18.8565 1.0047 0.349755 -0.693837 -3.42086 2.50467 -4.27726 0.291775 -3.71387 -14.1884 1.19031 -0.757973 |
000066 |  -3.70745 -7.74925 18.9998 -18.2235 -42.7717 -71.4526 -6.68867 19.5967 -18.5613 -8.51498 28.7711 -10.6319 35.0729 6.65002 4.47584 -30.8663 -5.14527 13.381 49.2193 1.70402 64.9054 13.7624 -0.829317 -1.69825 6.85748 -0.843821 7.73122 -22.2991 1.59387 -10.8637 2.96518 -2.87475 3.60081 -3.32991 0.757214 -1.41672 -14.2306 1.14576 1.52897 |
000067 |  -0.524822 -13.5707 17.9499 -26.5162 -35.5151 -101.306 0.0298486 18.9154 8.2106 -7.58222 19.4263 1.52403 32.3579 7.06041 7.47246 -25.0569 -4.502 8.64322 44.3392 3.00909 64.8037 11.3819 1.65334 -1.07993 6.64407 1.05623 6.07955 -26.1693 1.90133 -22.2308 6.73526 -1.9484 4.42661 -2.36721 1.35098 1.22023 -13.2393 1.18182 4.28423 |
000068 |  3.24194 -20.6432 15.7271 -31.9444 -27.7949 -122.377 5.4502 17.7385 29.8897 -5.88567 9.03035 13.0575 24.1313 3.69325 15.8949 -12.4205 -2.58299 -1.33934 35.1388 7.4659 61.2188 8.69416 5.42785 0.433608 6.12479 3.1406 4.25611 -29.887 2.31991 -32.48 10.4121 -0.647354 4.84026 -1.35011 1.75937 3.96636 -11.7188 1.12911 6.85108 |
000069 |  7.8258 -28.5685 13.0966 -33.6941 -18.8094 -129.603 8.78911 15.34 41.9836 -3.00153 -1.61775 22.9986 13.4433 -3.60827 26.9738 3.89909 0.673956 -13.9965 21.593 15.2686 53.5036 5.58055 9.91041 2.68515 5.02022 4.70124 2.717 -32.6706 3.35653 -40.2742 13.7489 0.963834 4.74665 -0.266591 1.65643 6.53784 -10.294 0.756407 8.53258 |
000070 |  13.2364 -35.7756 11.7119 -31.3175 -7.93016 -119.637 9.68418 11.096 42.0707 1.17512 -11.7955 30.4098 6.31069 -13.5121 34.2708 17.1611 4.65989 -23.3576 4.45906 25.2952 40.3675 2.0143 13.8773 5.31694 3.22268 5.23381 1.80104 -33.7826 5.45617 -44.6183 16.4713 2.72429 4.16569 0.8415 0.840153 8.66001 -9.48428 -0.138307 8.84363 |
000071 |  18.7301 -38.8928 14.1053 -25.0616 4.83833 -92.4583 8.43008 4.78402 30.8689 6.25985 -20.8261 34.4749 8.23916 -23.2144 30.3801 20.1794 8.07458 -22.499 -13.9374 33.777 19.8029 -1.59976 16.0935 7.8189 0.804846 4.52022 1.66068 -32.8095 8.77857 -45.2628 18.3298 4.37987 3.25442 1.89658 -0.684549 10.1335 -9.4645 -1.60794 7.74894 |
000072 |  22.3089 -31.7012 24.5584 -16.0082 18.7052 -51.8887 5.96287 -3.13499 12.3969 11.3937 -28.0548 34.6934 18.0648 -29.6626 14.5199 12.4687 9.74324 -10.524 -29.5718 33.0256 -11.6038 -4.70827 15.897 9.64672 -1.99559 2.65767 2.2313 -29.813 13.0591 -42.8542 19.1474 5.60966 2.30327 2.81116 -2.6496 10.8923 -10.0101 -3.49198 5.68435 |
000073 |  20.3199 -6.4753 47.7082 -6.08671 32.3698 -5.06294 3.34313 -11.7855 -8.11368 15.6902 -33.0877 31.4049 29.1707 -31.2169 -5.89787 0.526966 9.52674 6.13828 -37.4151 13.5785 -57.1272 -7.1734 13.4176 10.4011 -4.80885 0.0328838 3.21904 -25.2482 17.5813 -38.6878 18.8537 6.11269 1.64863 3.52882 -4.56359 11.0104 -10.6434 -5.45381 3.36812 |
000074 |  11.1191 31.0948 77.2988 2.11564 44.7132 38.384 1.48746 -20.2368 -25.8224 18.8963 -36.295 26.3009 36.7244 -28.2963 -22.7236 -9.25835 8.12462 20.4309 -35.4362 -19.8546 -107.437 -9.37267 9.37527 9.98893 -7.17942 -2.73015 4.10981 -19.725 21.3472 -34.2105 17.481 5.6967 1.5655 4.03536 -5.81686 10.6575 -10.8875 -7.10094 1.50267 |
000075 |  4.33732 42.7714 80.9176 6.13191 55.4854 68.4623 0.832094 -27.6116 -38.0012 21.33 -38.8562 21.8732 39.6771 -22.8417 -32.2981 -14.1247 6.30093 28.7966 -33.2462 -28.9104 -124.976 -11.6498 4.86759 8.61753 -8.69165 -4.93001 4.31363 -13.6977 23.3747 -30.4308 15.1476 4.35483 2.13878 4.34044 -5.87732 10.0036 -10.4225 -8.11341 0.561973 |
000076 |  8.54155 12.2159 40.5513 5.69756 64.4237 80.6417 1.38303 -33.3045 -43.6763 22.6214 -41.3674 19.3755 38.2216 -16.79 -34.0431 -13.5859 4.55073 30.2632 -39.8352 2.59022 -88.6356 -13.9265 1.13509 6.60249 -9.08303 -5.95739 3.43551 -7.34145 23.0877 -27.5742 11.9973 2.28241 3.23717 4.43125 -4.50205 9.12495 -9.14862 -8.32872 0.691945 |
000077 |  13.3915 -19.6942 -12.1398 3.26864 70.0286 78.6377 2.75769 -37.0557 -43.5003 21.3227 -42.8557 17.9976 32.0272 -11.4637 -28.3312 -7.85938 3.32252 24.8246 -45.6202 33.3309 -32.4581 -15.7087 -0.736001 4.21863 -8.35273 -5.55157 1.54763 -0.559451 20.4903 -25.0406 8.21327 -0.153566 4.54301 4.29249 -1.88218 7.9715 -7.16375 -7.77635 1.69962 |
000078 |  11.0084 -30.8173 -52.629 1.37672 70.6179 68.7565 4.64386 -38.7141 -38.3975 16.5304 -42.391 16.2571 20.7243 -8.67846 -16.633 2.13632 3.22707 13.3977 -43.4488 42.5099 14.9615 -16.2962 -0.172448 1.73438 -6.72596 -3.93633 -0.894351 6.84015 16.0586 -21.6928 4.04466 -2.48894 5.65046 3.9479 1.40761 6.40702 -4.74477 -6.63877 3.08463 |
000079 |  2.37527 -25.9411 -79.4427 1.21692 65.4011 55.205 6.81617 -38.2316 -29.2781 8.73545 -39.8542 13.4991 5.91344 -9.89839 -2.67105 13.5801 4.47601 -0.823741 -34.8122 37.5393 49.0228 -15.2037 2.59012 -0.575105 -4.55659 -1.75479 -3.26872 14.9234 10.4951 -16.2703 -0.177819 -4.25539 6.17466 3.48561 4.59511 4.30575 -2.26503 -5.17302 4.14574 |
000080 |  -9.77734 -12.7844 -96.8336 2.87713 54.5821 39.891 9.08618 -35.7216 -17.0201 -0.661759 -35.5904 9.91143 -7.41623 -13.4237 7.43896 21.2201 5.50829 -11.658 -22.906 28.0516 71.9526 -12.5112 6.41746 -2.5379 -2.2168 0.1963 -4.98699 23.3943 4.50291 -7.84008 -4.0689 -5.06856 5.83856 3.03938 6.9373 1.64238 -0.0394956 -3.60545 4.21326 |
000081 |  -23.4962 4.02603 -107.992 5.80124 39.233 23.5906 11.4125 -31.4839 -2.46647 -10.0664 -30.0583 5.76805 -13.7793 -14.2391 8.39009 20.2071 3.14776 -13.34 -10.0573 18.7411 86.0234 -8.79688 9.66875 -4.1223 -0.0374133 1.2606 -5.64536 31.5538 -1.37624 3.80975 -7.25754 -4.70908 4.53755 2.74712 7.9082 -1.46841 1.82304 -2.04919 2.94409 |
000082 |  -37.4158 21.9666 -113.99 9.13102 21.1442 7.01959 13.6746 -26.1294 13.1782 -18.1592 -23.6649 1.12477 -12.3981 -8.76437 0.844085 10.8516 -3.99263 -6.26504 2.35534 10.5688 92.4707 -4.81448 10.9592 -5.34648 1.71907 1.102 -5.10348 38.4629 -6.80845 17.9512 -9.47525 -3.17449 2.36452 2.7039 7.29507 -4.79487 3.45103 -0.493213 0.519393 |
000083 |  -49.8139 40.1233 -112.148 11.8313 2.70894 -8.7481 15.8338 -20.3923 28.4819 -24.0926 -16.823 -4.03551 -7.4207 1.76984 -9.26202 -1.64847 -13.4772 3.63103 13.0717 2.49413 89.4803 -1.22588 9.78066 -6.1874 2.88547 -0.254944 -3.4747 43.264 -11.595 33.0622 -10.6415 -0.703948 -0.382103 2.93262 5.23044 -8.04316 5.08584 1.1231 -2.42991 |
000084 |  -56.311 58.4145 -91.6312 12.6912 -13.185 -22.5276 17.8735 -15.1387 41.6998 -27.5325 -10.0153 -9.50042 -3.18085 13.4839 -16.7739 -12.1348 -21.5176 10.9054 18.773 -7.9843 67.4187 1.50271 6.66725 -6.53735 3.43333 -2.4199 -1.10483 45.5503 -15.5886 47.2176 -10.9313 2.23683 -3.22372 3.36511 2.18282 -10.9223 6.91553 2.81532 -5.10578 |
000085 |  -44.9689 77.9343 -26.5538 10.5836 -23.9327 -33.5092 19.7627 -10.9939 51.3751 -28.5901 -3.8741 -14.7376 -1.95746 22.7251 -19.944 -17.9849 -25.5361 13.2974 8.88614 -24.327 1.81676 3.15988 2.98962 -6.14058 3.48834 -4.70037 1.46572 45.5122 -18.6864 58.5657 -10.757 5.02743 -5.58358 3.85786 -1.11264 -13.1978 8.9818 4.51104 -6.83682 |
000086 |  0.830226 96.0212 97.0625 5.47653 -29.1045 -41.0768 21.3999 -8.34705 56.2354 -27.6358 0.886311 -18.9354 -4.80913 26.4321 -19.1907 -18.2988 -24.3239 10.5164 -32.7277 -44.0119 -120.417 3.88689 0.338558 -4.62381 3.30702 -6.27105 3.60168 43.8104 -20.9023 65.7537 -10.641 7.0336 -6.93032 4.22493 -3.78205 -14.7126 11.1861 6.06212 -7.24195 |
000087 |  34.6537 96.647 143.663 -0.791426 -31.6179 -43.8754 22.7845 -7.28294 56.1273 -25.0649 3.64405 -21.177 -12.2966 22.4416 -15.6452 -12.9397 -17.5497 3.01146 -61.4431 -47.1701 -164.628 4.09778 -0.308653 -1.70257 3.16244 -6.45989 4.72941 41.1918 -22.4034 68.0847 -10.9878 7.80831 -6.96346 4.30483 -5.05378 -15.3836 13.3293 7.30392 -6.24895 |
000088 |  -8.63173 82.9765 35.8847 -6.57407 -33.5981 -40.6357 23.9438 -7.57377 50.9559 -21.1779 4.17537 -21.0126 -23.6911 11.4186 -10.6699 -3.02157 -6.09675 -7.78515 -13.5396 -34.5808 -54.5849 4.08121 0.820765 2.51679 3.1803 -4.99981 4.59388 38.1499 -23.3596 65.6486 -11.8897 7.24852 -5.72343 3.98313 -4.51513 -15.1547 15.1814 8.08275 -4.06464 |
000089 |  -53.6477 71.156 -47.953 -12.4402 -32.7456 -31.9307 24.5679 -8.90996 40.1419 -16.1189 2.89226 -18.8548 -35.3669 -1.74778 -6.81797 7.6902 6.54096 -18.1822 36.8092 -25.3456 32.1996 3.82023 2.52004 7.40425 3.23933 -2.1624 3.3914 34.8252 -23.765 59.3239 -13.088 5.61703 -3.58103 3.22923 -2.28027 -13.9857 16.5305 8.26344 -1.16545 |
000090 |  -71.3442 58.8646 -77.7265 -18.9649 -27.4039 -19.0704 24.6019 -11.043 24.4179 -9.81021 0.692483 -15.4682 -41.2775 -9.43236 -8.5042 13.0789 14.2398 -22.3846 61.1749 -19.3055 65.8773 3.26313 3.37026 11.99 3.06377 1.30075 1.60107 31.0582 -23.4432 50.5487 -14.1038 3.41485 -1.08035 2.17398 1.03121 -11.9045 17.1302 7.75335 1.68914 |
000091 |  -72.6192 43.727 -82.5357 -25.8839 -17.975 -3.1542 24.2251 -13.8585 5.61399 -2.29326 -1.32269 -11.5964 -37.5906 -6.66887 -18.162 9.27461 12.8282 -16.888 70.0308 -13.8609 74.7366 2.46294 2.51774 15.3976 2.38026 4.47364 -0.217337 26.6923 -22.0952 40.9934 -14.4538 1.19481 1.24547 1.06301 4.50907 -9.05601 16.7241 6.51178 3.60435 |
000092 |  -65.1547 26.3667 -76.8077 -32.4477 -5.98673 14.5782 23.658 -17.0423 -14.1123 6.03526 -2.2126 -7.76735 -26.9939 4.23636 -32.2668 -0.987736 4.5866 -4.62423 70.1394 -8.3378 72.1483 1.53035 -0.0731715 17.1636 1.0501 6.59577 -1.60402 21.7301 -19.3881 32.0894 -13.8303 -0.609966 3.03133 0.149481 7.27489 -5.70646 15.1253 4.5608 3.85142 |
000093 |  -49.0752 9.03888 -61.0839 -37.7525 6.89537 32.6186 23.0087 -20.1381 -32.6554 14.4093 -1.39845 -4.28324 -15.3833 16.8977 -44.5912 -11.6854 -4.75382 8.23505 60.6481 -3.89179 57.9545 0.561199 -3.76104 17.3439 -0.912403 7.2339 -2.28456 16.3534 -15.1157 24.6138 -12.1467 -1.7519 4.12076 -0.378055 8.69455 -2.21236 12.3349 2.01864 2.25685 |
000094 |  -17.3584 -1.90837 -25.4745 -40.8694 19.3057 49.5522 22.2144 -22.6714 -48.2525 21.9115 1.26053 -1.20811 -6.60848 26.3116 -51.3891 -18.7937 -11.1406 17.42 33.7896 -6.06059 21.68 -0.388862 -7.54383 16.4196 -3.35041 6.34012 -2.192 10.762 -9.31425 18.5246 -9.50862 -2.18698 4.56131 -0.436836 8.49783 1.05034 8.60678 -0.874695 -0.656873 |
000095 |  36.367 6.60318 41.1121 -40.9477 30.0088 64.328 21.2538 -24.3515 -59.5465 27.698 5.48796 1.58736 -1.83441 29.9021 -52.0428 -21.0689 -13.1316 21.4298 -17.4645 -27.1705 -48.0852 -1.29809 -10.2492 15.1322 -6.01003 4.23242 -1.4816 5.07765 -2.34584 13.1289 -6.1428 -2.05397 4.55419 -0.0506335 6.80607 3.7689 4.39556 -3.77229 -3.88782 |
000096 |  78.8021 26.4336 96.557 -37.9517 37.7986 75.5896 20.2553 -25.0986 -65.3376 31.2577 10.6341 4.48377 -1.1341 26.574 -47.1317 -18.4572 -10.5114 20.046 -59.9701 -57.753 -109.08 -2.18526 -10.9081 14.1094 -8.55397 1.55066 -0.540481 -0.706645 5.09549 7.4707 -2.31761 -1.59657 4.36046 0.671757 4.07718 5.76534 0.229455 -6.28901 -6.35574 |
000097 |  56.5657 -4.78553 58.7948 -33.811 42.3165 80.3352 19.408 -24.8866 -64.9143 32.6585 15.7213 8.09115 -4.31344 16.4623 -37.0692 -11.3069 -3.54615 13.5351 -38.6922 -35.2199 -77.1723 -3.14945 -9.10725 13.5329 -10.5936 -0.896498 0.0942851 -6.65521 12.0567 0.671411 1.71022 -1.08173 4.21238 1.56311 1.01692 7.05239 -3.42011 -8.09437 -7.2467 |
000098 |  20.314 -67.1496 -7.46902 -30.8511 44.2664 76.0313 18.6641 -23.4596 -58.5916 32.2334 19.8218 12.693 -10.3007 1.81619 -22.6094 -0.982288 6.46645 3.21893 -2.2028 19.5481 -14.511 -4.27647 -5.25216 13.0439 -11.7642 -2.32093 -0.0271282 -12.7381 17.6011 -7.70457 5.71847 -0.711881 4.23468 2.37552 -1.62475 7.81119 -6.18485 -8.99094 -6.16168 |
000099 |  6.37801 -108.958 -42.102 -29.3195 43.8985 62.958 17.9414 -20.8029 -46.8523 30.1452 22.4437 17.9361 -15.9284 -12.2768 -6.86408 8.95744 15.8064 -7.19121 13.4262 54.3206 19.0647 -5.42036 -0.46875 12.015 -11.8149 -2.2555 -1.06122 -18.7867 21.1296 -17.4407 9.51897 -0.556275 4.40142 2.82673 -3.29532 8.28846 -7.87075 -8.9535 -3.16691 |
000100 |  5.71282 -129.197 -53.9043 -28.2043 41.0009 43.0498 17.2533 -16.9824 -30.0855 26.4866 23.6218 22.8811 -16.3992 -18.9135 4.77089 13.4481 18.6349 -12.1187 16.0202 68.7848 31.4244 -6.23109 3.83438 9.95327 -10.6743 -0.769895 -2.7734 -24.4377 22.5166 -27.5988 12.9398 -0.537763 4.55818 2.71538 -3.8216 8.6604 -8.55897 -8.14783 1.1798 |
000101 |  9.45912 -137.501 -56.0959 -26.6335 35.5107 18.5039 16.6339 -12.145 -8.94644 21.4041 23.8125 26.3047 -9.40845 -14.148 8.98908 10.1469 11.6058 -8.57849 13.3488 73.4694 35.0782 -6.39309 6.47007 6.75636 -8.48126 1.58291 -4.62126 -29.1249 22.1713 -36.6617 15.8172 -0.493369 4.50005 1.99109 -3.4229 8.94463 -8.67137 -6.917 5.86303 |
000102 |  14.2216 -138.939 -54.4485 -24.173 27.7385 -8.20421 16.0268 -6.63224 15.0445 15.148 23.709 27.1308 2.01895 -0.999099 7.99918 2.12723 -2.15333 0.588505 8.30839 74.0286 35.3265 -5.7796 6.87526 2.74822 -5.54575 4.04702 -5.98727 -32.1624 20.8458 -42.9113 18.01 -0.261888 4.07063 0.766949 -2.57973 9.00785 -8.90452 -5.68689 9.6372 |
000103 |  19.4221 -134.364 -49.5067 -20.6859 18.2663 -33.9245 15.2762 -0.847897 39.1845 8.05269 24.0021 24.7645 12.9004 13.6542 6.26006 -5.66508 -16.265 10.1106 1.73803 71.2774 32.5878 -4.46525 5.30804 -1.41917 -2.26595 5.9413 -6.38881 -33.0146 19.3287 -45.0748 19.4147 0.225254 3.23876 -0.745989 -1.80089 8.66591 -9.9472 -4.79793 11.4645 |
000104 |  25.5974 -120.207 -37.0044 -16.2372 7.82042 -55.0136 14.1484 4.86347 59.7196 0.599382 25.2152 19.2379 20.2525 24.3594 6.308 -10.341 -26.1183 16.5817 -6.19205 61.2217 22.6403 -2.72785 2.76267 -4.93453 0.963924 6.8188 -5.58733 -31.6319 18.1528 -42.8659 19.973 0.898316 2.12571 -2.30299 -1.46434 7.78506 -12.0866 -4.35063 10.9895 |
000105 |  33.4795 -87.5866 -4.84442 -11.188 -2.81626 -68.493 12.1426 10.0926 72.5576 -6.52382 27.5908 11.2519 23.2887 28.4181 8.6006 -11.1439 -29.7876 18.8454 -15.1592 33.8833 -6.12078 -1.05656 0.613801 -7.01343 3.823 6.49449 -3.60935 -28.5887 17.5085 -37.1708 19.6649 1.53102 0.986051 -3.68841 -1.72386 6.36026 -15.0265 -4.20269 8.66701 |
000106 |  41.3076 -30.2475 63.4401 -6.20904 -12.8361 -73.7593 8.82713 14.7721 75.0141 -12.5212 30.9904 1.94917 22.1546 25.0071 12.9718 -8.02352 -26.731 16.6233 -22.4177 -18.4656 -68.803 0.000114298 -0.039833 -7.14258 6.11807 5.02522 -0.723084 -24.8307 17.3285 -29.6752 18.4855 1.79154 0.131518 -4.76156 -2.50397 4.5247 -18.0553 -4.09974 5.47402 |
000107 |  41.4147 12.5024 130.672 -1.55132 -21.6624 -72.566 4.0424 19.0777 66.9059 -16.7667 34.86 -7.36499 17.2569 14.5541 19.3896 -1.06412 -17.2106 9.88124 -20.545 -57.2042 -126.848 0.149671 1.02869 -5.29201 7.81691 2.65318 2.62791 -21.2278 17.419 -22.1654 16.4518 1.35451 -0.181442 -5.48574 -3.53735 2.52902 -20.4018 -3.83419 2.43806 |
000108 |  34.0502 -11.7294 94.0654 3.80385 -29.4215 -66.0022 -1.88988 23.0331 50.3521 -19.3155 38.5253 -15.8126 9.69848 -0.339835 27.0563 8.70995 -3.19554 -0.273799 -11.4748 -29.5484 -78.5203 -0.448131 2.99852 -1.97151 9.05144 -0.164619 5.92941 -18.2638 17.5756 -15.9402 13.6084 0.0557169 0.136098 -5.96437 -4.45708 0.677358 -21.5056 -3.32168 0.30826 |
000109 |  29.2772 -41.4476 11.5187 10.9427 -36.5739 -53.4037 -8.36879 26.5874 28.3303 -20.8008 41.4771 -23.346 2.38158 -13.64 32.6595 17.8833 10.1826 -9.71039 -6.60451 3.59405 15.0273 -1.29033 4.5047 2.01876 10.0422 -2.74265 8.74689 -15.9803 17.6126 -11.5113 10.0623 -2.00333 0.96131 -6.41602 -4.91878 -0.750288 -21.1053 -2.59685 -0.557857 |
000110 |  26.817 -44.9896 -37.7839 19.4213 -43.113 -35.8289 -14.7539 29.7396 4.2041 -21.6573 43.1058 -29.939 -0.585541 -17.6953 30.6654 21.6106 15.9621 -11.9581 -5.47299 10.6656 72.512 -1.88369 4.48692 5.9213 11.0232 -4.43447 10.7382 -14.219 17.2224 -8.70423 6.01729 -4.42457 1.99957 -7.00684 -4.71153 -1.57907 -19.2604 -1.76493 -0.213079 |
000111 |  24.4606 -36.1347 -57.7747 28.1916 -48.9525 -15.9767 -20.6145 32.3859 -19.2182 -22.0068 42.883 -35.3067 2.3806 -9.82402 18.6728 17.895 11.4561 -3.94978 -5.37549 5.69685 97.504 -1.95562 2.73309 9.24712 12.1397 -4.87306 11.6741 -12.7907 16.0596 -6.81945 1.79319 -6.63258 2.91353 -7.74564 -3.83401 -1.78777 -16.3238 -0.947676 0.886909 |
000112 |  21.6525 -24.1788 -63.7535 36.476 -54.0722 3.74612 -25.6462 34.5222 -40.1619 -21.8382 40.5956 -39.2114 8.42683 4.79145 1.11445 9.69084 1.26512 10.1371 -5.4639 -1.77876 105.769 -1.50253 -0.276876 11.834 13.3581 -4.04051 11.4964 -11.5948 13.924 -4.79461 -2.21764 -8.06187 3.43488 -8.49658 -2.50087 -1.51248 -12.8238 -0.230807 1.947 |
000113 |  18.3261 -11.8946 -62.0565 43.7278 -58.2738 21.9089 -29.6396 36.1242 -57.7167 -21.072 36.4062 -41.5709 13.6591 18.9589 -15.3839 1.33236 -8.25672 23.5928 -5.47698 -8.9529 104.178 -0.724061 -3.69801 13.8239 14.455 -2.2425 10.3223 -10.6507 10.8044 -1.53769 -5.62327 -8.3157 3.42128 -9.04397 -1.06246 -0.99189 -9.27505 0.382236 2.05395 |
000114 |  14.3314 -0.427342 -49.1796 49.2676 -60.8458 37.7231 -32.4533 37.0434 -71.6012 -19.5773 30.7131 -42.3987 16.1695 28.5303 -27.0971 -4.65139 -13.7499 32.3276 -4.85954 -15.3047 89.8324 0.0932157 -6.70828 15.4841 15.1007 0.0463875 8.37816 -10.1594 6.86335 3.61936 -8.11823 -7.25675 2.86497 -9.18527 0.125073 -0.481536 -5.97733 0.977892 0.564525 |
000115 |  8.20653 8.17839 -7.52578 52.1549 -60.6745 50.4542 -34.0276 37.1387 -81.5379 -17.1916 24 -41.751 15.6651 32.2252 -33.0161 -7.38021 -14.4642 34.9881 -1.42241 -19.8747 45.7811 0.693017 -8.69236 16.9993 14.9529 2.29898 5.93265 -10.4144 2.42038 10.5299 -9.54468 -5.03543 1.87756 -8.79064 0.81132 -0.184359 -2.91341 1.67093 -2.51347 |
000116 |  -5.61958 8.46235 96.7853 51.629 -56.9171 59.0872 -34.3177 36.3366 -87.2199 -13.7844 16.7285 -39.669 12.105 29.8621 -32.9315 -6.48606 -10.5514 31.2332 10.9661 -17.9715 -61.0478 0.964663 -9.2798 18.3453 13.7549 4.05717 3.22046 -11.6178 -2.05546 18.1594 -9.94434 -2.06914 0.654261 -7.81898 0.91917 -0.206347 0.128678 2.51219 -6.44234 |
000117 |  -28.0358 -3.40964 225.072 48.0484 -50.1441 62.4921 -33.2395 34.4247 -87.8202 -9.23842 9.22482 -36.0309 5.26756 21.766 -26.7339 -1.6552 -2.47276 21.0087 32.5766 -4.89812 -191.465 1.00953 -8.42342 19.2219 11.4116 4.96593 0.405361 -13.633 -6.03889 24.9365 -9.57094 1.00813 -0.569302 -6.30332 0.560684 -0.537499 3.33458 3.44174 -10.0688 |
000118 |  -25.3646 -1.73623 168.576 42.8095 -41.9687 59.7408 -30.7062 31.3076 -82.3231 -3.46822 1.63834 -30.5214 -4.4619 9.5857 -15.692 6.54205 8.1409 5.73457 27.9509 -4.22156 -136.754 1.06833 -6.36028 19.1721 7.99837 4.81772 -2.40086 -15.9079 -9.00181 29.3211 -8.85268 3.48577 -1.57742 -4.34316 0.0153407 -1.0616 6.71646 4.31117 -12.2746 |
000119 |  -1.89896 15.8689 32.1884 35.6952 -32.2174 50.9346 -26.9159 27.1938 -70.8245 3.33107 -5.8752 -23.4192 -14.2816 -1.89601 -4.42339 14.8321 17.0553 -9.56253 1.96547 -18.928 -1.93357 1.378 -3.64175 17.8262 3.70389 3.63765 -5.04143 -17.5554 -10.5167 30.3353 -8.28091 4.77264 -2.25861 -2.15533 -0.358059 -1.59188 10.1421 4.92273 -12.2689 |
000120 |  14.5352 26.5538 -38.6076 25.8195 -20.1699 36.8346 -22.1583 22.5705 -53.9244 10.76 -13.1273 -15.2569 -18.9789 -5.63999 -0.129314 17.5752 18.06 -17.3565 -15.9522 -27.8326 67.3771 2.05715 -1.02586 15.0154 -1.18052 1.63174 -7.36122 -17.7562 -10.5134 27.7222 -8.20812 4.64946 -2.65273 0.0317365 -0.232785 -1.93649 13.3755 5.10216 -9.73899 |
000121 |  23.8981 29.1744 -65.1539 13.51 -6.36523 18.6114 -16.6271 17.6387 -32.108 18.4011 -20.0288 -6.39845 -15.5799 1.64913 -6.10522 11.6684 8.54063 -14.3247 -25.4865 -29.846 91.8134 3.05449 0.864879 10.9094 -6.27999 -0.88717 -9.29088 -16.1616 -9.40117 21.9262 -8.66498 3.38275 -2.92258 2.09868 0.535133 -1.97691 16.1148 4.76806 -4.94381 |
000122 |  29.8606 27.5658 -73.9881 -0.197499 8.0132 -2.15476 -10.6082 12.56 -6.39976 25.7821 -26.5515 2.81166 -7.07491 15.3629 -18.051 0.322972 -6.74717 -5.06861 -30.8757 -28.0113 97.2299 4.16035 1.85007 6.04215 -11.2058 -3.55859 -10.7994 -12.9069 -7.85883 14.1291 -9.37808 1.58616 -3.27011 4.02986 1.84806 -1.70181 18.0724 3.98252 1.19149 |
000123 |  33.1871 23.3883 -72.8813 -14.2671 21.8786 -23.3189 -4.45238 7.48189 21.7391 32.3929 -32.6644 11.9653 1.26014 28.0527 -29.6924 -10.7566 -20.7211 3.71936 -33.3829 -23.4506 90.9123 5.11732 2.37033 1.17257 -15.6021 -6.01525 -11.8511 -8.48411 -6.60304 6.16255 -9.92761 -0.0286238 -3.85399 5.86819 3.38286 -1.21282 19.0456 2.97765 7.11006 |
000124 |  31.4214 16.4512 -55.6581 -27.9927 34.5321 -41.8948 1.43123 2.5336 49.6797 37.7628 -38.2827 20.6165 6.22997 34.9648 -37.8315 -17.9885 -29.2699 8.47731 -30.5702 -15.8254 66.3186 5.72195 3.13867 -3.04055 -19.1747 -7.93424 -12.3672 -3.49885 -6.21729 0.111902 -9.9415 -0.895724 -4.73129 7.65342 4.72422 -0.670771 18.9473 2.11373 10.9517 |
000125 |  15.8445 6.72143 0.0725082 -40.8125 45.4809 -54.2003 6.7684 -2.21153 73.9575 41.4506 -43.2039 28.223 6.87313 34.5915 -41.5349 -20.0902 -31.231 8.32316 -13.7588 -5.16009 0.925304 5.83275 4.58181 -6.29065 -21.7074 -9.08643 -12.2432 1.60535 -7.00939 -2.48801 -9.22496 -0.722742 -5.85804 9.39113 5.50385 -0.239647 17.789 1.72659 11.3362 |
000126 |  -23.5743 0.0616422 113.331 -51.9023 54.2876 -57.2516 11.3822 -6.6522 91.0854 43.0858 -47.2258 34.3308 3.0758 27.3482 -40.2695 -16.5855 -26.7293 3.16212 26.7026 2.76315 -123.823 5.33459 6.43536 -8.64535 -23.0424 -9.34432 -11.4488 6.65304 -8.90079 -1.43129 -7.82398 0.465803 -7.1025 11.0363 5.527 -0.0232325 15.6289 1.92905 8.11133 |
000127 |  -44.1491 4.41016 165.549 -60.2864 60.8522 -51.274 15.2291 -10.8138 98.9654 42.4942 -50.5836 39.0245 -4.70881 15.1058 -33.7427 -7.51065 -16.8663 -6.67489 47.0322 0.429894 -187.545 4.11235 7.90109 -10.3556 -23.0559 -8.7475 -10.0894 11.7372 -11.4418 1.99259 -6.00009 2.36736 -8.27935 12.5278 4.82215 -0.0342146 12.569 2.54459 2.47614 |
000128 |  -0.665361 2.2755 49.5382 -65.9142 65.7642 -39.396 18.336 -14.6514 97.442 39.6821 -53.7643 42.6274 -14.1167 2.0442 -23.7989 5.03716 -4.65656 -18.8375 1.71202 5.00757 -80.3507 2.07056 8.01777 -11.6187 -21.6596 -7.38271 -8.32542 17.1604 -13.9724 5.75615 -4.20215 4.44348 -9.18877 13.7474 3.64296 -0.174013 8.83758 3.22226 -3.6642 |
000129 |  36.1122 -6.17518 -54.5869 -69.4422 69.1728 -23.2166 20.7242 -17.8037 87.1808 34.3805 -56.4946 44.6809 -19.6571 -5.32363 -16.3758 15.1723 4.50618 -26.9712 -37.3354 14.8451 18.3257 -0.683337 6.27073 -12.448 -18.8966 -5.21542 -6.1886 23.3055 -15.8185 8.04937 -2.95228 6.04212 -9.66446 14.4767 2.38532 -0.267269 4.83089 3.61488 -8.50499 |
000130 |  48.0759 -10.9162 -100.725 -70.6776 70.0378 -3.67741 22.5128 -20.1449 70.5771 26.3105 -58.303 44.8385 -15.7558 -2.58347 -18.7147 16.4844 6.18237 -23.8132 -51.5137 19.8758 60.9227 -3.74452 3.06196 -12.7686 -14.9113 -2.26285 -3.67548 30.3299 -16.5357 7.65768 -2.60697 6.63269 -9.59071 14.4961 1.45438 -0.127886 1.01427 3.51557 -10.8267 |
000131 |  47.232 -11.4625 -118.378 -68.714 66.9043 17.6522 23.8079 -21.4701 50.4811 15.3766 -58.9006 43.1461 -3.16427 7.14529 -31.3309 8.89024 1.89968 -9.16135 -53.2704 20.8809 75.4372 -6.52311 -0.172087 -12.4453 -9.93174 1.22602 -0.80812 37.976 -16.0131 4.04435 -3.17686 6.01647 -8.91727 13.668 1.11003 0.362562 -2.18683 2.87392 -10.0874 |
000132 |  39.9622 -8.68746 -124.865 -62.5633 58.5856 38.9821 24.5772 -21.5466 29.7691 1.7676 -57.9026 39.7275 11.5643 16.1791 -47.0111 -1.59284 -2.95597 9.45583 -49.5949 20.2302 78.3533 -8.53423 -1.72298 -11.319 -4.30081 4.74883 2.37231 45.5704 -14.3853 -2.58739 -4.33286 4.37709 -7.66495 11.978 1.36746 1.20065 -4.46269 1.77683 -6.40822 |
000133 |  27.8321 -2.65305 -125.113 -51.7007 44.625 58.8183 24.6351 -20.2683 10.2896 -13.8374 -54.8869 34.6869 22.8927 19.486 -58.6076 -9.56481 -4.9251 24.6566 -42.6637 19.1385 74.3333 -9.56375 -0.74667 -9.31423 1.51075 7.65058 5.77948 52.172 -11.9503 -11.2529 -5.54137 2.19204 -5.9277 9.56395 1.98169 2.23715 -5.69275 0.446238 -0.607525 |
000134 |  10.8751 7.28244 -115.671 -36.4621 25.6399 75.9034 23.9111 -17.6426 -6.60209 -30.1949 -49.5686 28.1842 28.8098 16.5731 -62.846 -12.8803 -3.53712 33.116 -32.6405 17.1789 60.2815 -9.66731 2.17593 -6.56388 6.94869 9.25927 9.25665 56.8547 -9.12862 -20.1412 -6.27059 0.0395439 -3.85591 6.70343 2.55258 3.22268 -6.00911 -0.753279 5.74672 |
000135 |  -10.1103 23.0164 -83.7414 -18.3736 3.56277 88.6824 22.4645 -13.7166 -20.2203 -45.6072 -42.0016 20.5594 29.2688 9.5623 -58.734 -11.0908 0.495779 34.0072 -19.6123 11.2301 24.5385 -9.12923 5.47265 -3.44692 11.464 9.04238 12.5689 58.9097 -6.40078 -26.9769 -6.16241 -1.58046 -1.63752 3.7641 2.68364 3.89284 -5.79981 -1.37947 10.566 |
000136 |  -29.5128 47.9004 -11.9988 -0.211048 -18.4845 94.6566 20.3906 -8.83041 -29.8032 -58.1809 -32.649 12.4093 24.5205 1.21726 -45.7834 -4.10171 6.38976 27.1682 -7.60437 -4.32874 -48.3321 -8.38256 7.63046 -0.47474 14.5757 6.67509 15.4429 57.9488 -4.18877 -29.8554 -5.08845 -2.34745 0.534031 1.14259 2.10571 4.04572 -5.53974 -1.102 12.0209 |
000137 |  -35.5146 74.9987 67.343 14.889 -37.435 90.9438 18.0339 -3.64883 -34.3337 -66.1219 -22.2738 4.56155 15.0837 -6.32513 -24.3684 7.64625 13.2939 13.2569 -6.50986 -24.7478 -124.147 -7.75821 7.87293 1.84053 15.9629 2.16999 17.6061 53.7714 -2.63285 -28.2649 -3.16466 -2.20064 2.49435 -0.842965 0.774638 3.61379 -5.53125 0.0937715 9.49112 |
000138 |  -37.5904 78.5984 48.4702 24.8188 -51.6869 76.7933 15.8463 1.03202 -33.1058 -68.4166 -11.6692 -2.28203 3.29831 -11.4486 1.51264 21.3289 19.5737 -3.78327 -5.59719 -24.6587 -96.8956 -7.19863 6.34231 3.08122 15.559 -3.96318 18.8171 46.3927 -1.49512 -23.3824 -0.677478 -1.33241 4.11998 -2.05129 -1.14279 2.65898 -5.73446 1.84052 3.98181 |
000139 |  -52.463 63.665 -27.6134 28.8508 -60.2784 54.8721 13.9927 4.67114 -26.4165 -65.383 -1.52308 -7.87794 -5.02543 -12.2726 22.6583 30.2984 22.3364 -15.0279 12.5586 -9.61132 -9.40902 -6.29262 3.7279 3.00977 13.708 -10.6052 18.8817 36.2207 -0.230657 -17.2716 1.99351 -0.193589 5.34148 -2.61609 -3.28404 1.36692 -5.85127 3.57234 -2.49558 |
000140 |  -65.2084 49.3409 -71.1155 27.4282 -62.6586 28.5471 12.482 7.30917 -16.0177 -58.4726 7.08535 -12.0828 -3.72735 -7.33795 30.4519 27.8496 18.8304 -12.2499 32.8976 0.560397 46.8872 -4.63369 1.0651 1.74719 11.2913 -16.1201 17.5717 24.0976 1.67609 -11.9658 4.48848 0.642722 6.13564 -2.8788 -5.18097 0.0170561 -5.58288 4.78018 -7.93129 |
000141 |  -68.0434 36.8372 -81.378 22.1162 -59.8924 0.68826 11.1437 9.18326 -3.75475 -49.6602 12.7817 -14.6997 6.50035 1.73343 26.6657 14.8302 9.50056 2.25479 46.0026 5.40051 70.184 -2.06657 -0.634904 -0.18908 9.48863 -18.7858 14.6686 11.1592 4.44017 -8.92003 6.5767 0.704089 6.50537 -3.23986 -6.39125 -1.07968 -4.79484 5.15552 -10.9445 |
000142 |  -63.2585 24.1722 -75.677 14.9316 -54.0808 -25.7566 9.8911 10.5923 8.16109 -40.6811 14.698 -15.732 18.6912 10.6264 20.5891 -1.32234 -2.03686 18.5615 52.1442 8.50083 76.7048 1.32904 -0.634271 -2.06166 9.11147 -17.56 10.1363 -1.4745 7.93907 -8.79914 8.18188 -0.171688 6.43695 -4.02866 -6.64577 -1.68759 -3.53592 4.60515 -10.9175 |
000143 |  -53.517 11.5843 -62.0698 7.54571 -47.1136 -47.8014 8.66139 11.7363 17.7246 -32.2914 13.2088 -15.5133 27.0575 15.8891 18.9227 -14.1609 -12.1702 29.4269 52.3384 11.1149 73.4536 5.26776 1.10965 -3.28372 10.0391 -12.7012 4.31368 -12.9879 11.7815 -11.4123 9.35953 -1.75636 5.88811 -5.38467 -5.94405 -1.73812 -1.9732 3.21817 -7.96136 |
000144 |  -38.8206 1.45342 -39.2639 0.987431 -39.9559 -62.7363 7.52063 12.8229 23.0722 -24.3319 9.80798 -14.708 29.5625 16.461 23.4383 -20.8889 -18.8637 32.7342 45.716 11.5502 58.3293 9.21993 3.82098 -3.67592 11.3449 -5.68577 -2.0573 -22.9674 15.44 -15.7192 10.1989 -3.5141 4.81359 -7.18163 -4.57047 -1.37324 -0.354978 1.23147 -2.89827 |
000145 |  -16.8117 0.0703708 2.51097 -4.36066 -32.7156 -68.6976 6.47877 13.6527 23.0768 -16.3422 6.39821 -14.036 26.0446 12.7441 33.8835 -20.6334 -21.0711 28.661 29.8085 3.5002 20.9208 12.4837 6.29426 -3.4235 11.9422 1.55374 -8.07696 -31.3108 18.3781 -19.959 10.7639 -4.82289 3.21253 -9.07871 -2.98362 -0.879106 1.04346 -1.01034 2.72926 |
000146 |  11.7855 17.0941 72.587 -8.5918 -25.0995 -65.2466 5.79965 13.9209 17.8006 -8.01317 4.5355 -13.9288 16.4474 5.47388 49.7338 -12.9254 -18.0002 17.8026 5.70955 -22.8757 -48.4047 14.3729 7.32525 -2.91748 11.143 7.38021 -12.9637 -38.1434 20.193 -22.0559 11.0593 -5.20375 1.17063 -10.6498 -1.65827 -0.572005 1.98925 -3.13123 6.94434 |
000147 |  30.7351 38.0277 131.596 -12.366 -16.9258 -54.199 5.71567 13.3061 8.41652 0.885199 5.03615 -14.3192 1.48455 -4.24766 69.4002 1.51827 -9.61317 1.87631 -9.408 -52.8865 -109.768 14.4945 6.11159 -2.58229 8.77986 10.71 -16.2147 -43.6984 20.6927 -20.506 11.0348 -4.46982 -1.13509 -11.5256 -0.946564 -0.679413 2.36264 -4.83981 8.10252 |
000148 |  28.9456 10.0941 102.326 -17.0167 -7.99235 -39.9403 6.23661 11.5921 -3.20562 10.7369 7.931 -14.692 -14.4113 -13.1659 88.0763 17.7663 1.30895 -13.9632 -3.30223 -33.4926 -84.105 12.8788 2.51493 -2.72881 5.07764 10.9762 -17.61 -48.1863 19.958 -15.2279 10.6063 -2.79165 -3.46181 -11.5152 -0.991234 -1.268 2.18514 -6.01083 5.77512 |
000149 |  29.656 -46.1282 36.888 -23.3581 1.88652 -26.5435 7.16661 9.06254 -15.7087 21.5302 12.9072 -14.663 -22.013 -14.7875 97.5636 25.6172 7.93646 -21.2173 1.91095 14.1106 -21.5236 10.0825 -2.54921 -3.25287 0.507785 8.14545 -17.158 -51.6553 18.3818 -7.62257 9.6895 -0.672157 -5.55675 -10.7018 -1.70675 -2.24795 1.59545 -6.66524 0.995183 |
000150 |  38.8227 -84.356 -0.629073 -30.6374 12.081 -15.3147 8.07253 6.14483 -28.1339 32.4231 19.4838 -14.234 -15.6941 -5.16082 92.9002 18.254 4.65216 -15.5379 0.123761 43.3119 14.2156 7.35561 -7.07983 -3.32479 -4.29159 2.84984 -15.1262 -53.9614 16.5036 0.152104 8.22664 1.19285 -7.21372 -9.43068 -2.79663 -3.40438 0.774636 -6.89121 -4.37793 |
000151 |  49.6764 -102.773 -13.9767 -37.4381 21.4236 -5.92207 8.64184 3.23667 -39.6838 42.1512 26.5911 -13.3996 -1.75745 10.6958 77.7443 1.22575 -6.06829 -2.28724 -3.24664 52.8094 26.4325 6.27929 -8.84366 -1.46571 -8.56851 -3.40986 -12.1474 -54.8222 14.7359 6.06667 6.18819 2.12148 -8.30428 -8.20651 -3.80762 -4.43316 -0.122584 -6.77708 -8.58919 |
000152 |  59.0542 -110.223 -16.8528 -42.5986 28.8769 2.06858 8.71922 0.679238 -49.8675 49.5289 32.3705 -11.8586 9.53673 24.5902 58.5796 -14.8337 -17.3834 10.417 -6.5089 52.2156 28.7566 7.5413 -7.09077 3.47079 -11.6456 -8.35703 -9.15548 -53.9936 13.1598 8.74341 3.61805 1.77443 -8.799 -7.46417 -4.2965 -5.0586 -0.969981 -6.40979 -10.4566 |
000153 |  66.4378 -111.912 -16.2076 -45.442 33.8742 8.71994 8.0981 -1.28805 -58.1802 53.8038 34.8472 -9.1972 14.0669 33.0606 39.474 -23.9793 -24.8691 18.5343 -9.9871 47.3362 28.4947 10.1391 -3.35507 11.0687 -13.1501 -9.70559 -6.98078 -51.5137 11.5325 7.6725 0.631523 0.25242 -8.73337 -7.43514 -3.96573 -5.1107 -1.67743 -5.86693 -9.54865 |
000154 |  71.8101 -110.085 -14.9155 -45.6649 36.1678 13.8759 6.7626 -2.60995 -64.3701 54.8502 33.2353 -5.46962 12.9851 36.6752 22.8976 -25.012 -27.116 21.3864 -14.1319 40.8477 28.713 12.1675 -0.166678 19.4037 -13.1678 -6.46775 -5.82529 -47.813 9.43365 3.21546 -2.55232 -1.89748 -8.18826 -8.00185 -2.81977 -4.61824 -2.16607 -5.21367 -6.09412 |
000155 |  75.2406 -105.617 -13.9483 -43.1154 35.7055 17.3309 4.62147 -3.21661 -68.2115 52.9987 28.6236 -1.41279 8.18214 36.4508 11.0811 -18.352 -23.7455 19.2295 -19.0486 33.9703 30.4399 12.0756 0.53695 26.1516 -12.1205 0.350871 -5.1643 -43.6097 6.46886 -3.41192 -5.65179 -3.92553 -7.27173 -8.77609 -1.15009 -3.78235 -2.39187 -4.46677 -0.998336 |
000156 |  76.6658 -98.5913 -13.522 -37.6811 32.4966 18.9615 1.70344 -3.07314 -69.5881 48.7538 23.3442 2.02845 0.897757 32.6549 5.76573 -4.94969 -14.6706 12.5201 -24.4519 27.2723 33.5899 9.21588 -2.07513 29.4617 -10.4967 8.37216 -4.18501 -39.6365 2.35768 -10.2442 -8.36958 -5.15203 -6.10812 -9.27469 0.597458 -2.87955 -2.36135 -3.54956 4.19638 |
000157 |  75.7426 -88.6726 -13.1502 -29.3377 26.6121 18.7238 -1.91607 -2.17091 -68.3511 42.6317 19.639 4.24952 -6.92732 26.2206 6.71791 12.3694 -1.34978 2.89258 -29.6761 20.9204 37.2417 3.84383 -7.86105 28.3302 -8.6674 15.1463 -2.31925 -36.3945 -3.03706 -15.0579 -10.4496 -5.12053 -4.84056 -9.0829 1.97318 -2.16941 -2.146 -2.28767 7.70981 |
000158 |  71.6201 -75.2809 -11.4578 -18.1819 18.1978 16.6451 -6.09854 -0.579225 -64.4404 35.1441 18.8372 5.25248 -10.3653 21.3233 9.88956 26.8632 11.0336 -5.39533 -33.544 14.5825 39.4625 -2.95936 -15.8278 22.8213 -6.87427 18.9775 0.573113 -34.0363 -9.66526 -16.2103 -11.7439 -3.71445 -3.61072 -7.98992 2.67382 -1.80498 -1.85787 -0.502048 8.24786 |
000159 |  62.6228 -57.7419 -5.33622 -4.56757 7.61049 12.7338 -10.6639 1.52739 -57.7605 26.8373 21.2775 5.5561 -3.51508 23.9638 8.235 29.9314 14.7818 -6.94907 -33.9849 7.31313 36.559 -9.22043 -23.9208 14.7169 -5.28335 19.0762 4.27734 -32.3609 -17.1482 -13.4498 -12.2467 -1.17294 -2.52914 -5.99883 2.60434 -1.80718 -1.58379 1.81283 5.74 |
000160 |  45.4358 -35.535 11.8433 10.7634 -4.36734 6.79671 -15.2719 3.95517 -48.2983 18.227 26.4691 6.00684 12.7315 34.7578 -2.60484 19.4696 7.1411 -0.949888 -27.2804 -2.16061 21.591 -12.4838 -29.2058 7.67014 -4.0135 15.4754 8.33987 -30.8583 -24.6855 -8.02794 -12.1075 1.94025 -1.641 -3.28589 1.88478 -2.07948 -1.34174 4.38428 1.37852 |
000161 |  15.9113 -11.018 49.3041 26.5645 -16.3544 -1.68549 -19.4988 6.30793 -36.1071 9.6774 33.1331 7.56391 29.334 46.7506 -21.2288 2.58095 -6.46282 7.56621 -8.6512 -13.4576 -14.6048 -11.1381 -29.1424 5.41836 -3.09304 9.01155 12.177 -28.7805 -31.1933 -2.01383 -11.6305 4.78744 -0.889259 -0.181272 0.863744 -2.39106 -1.11058 6.75815 -3.12929 |
000162 |  -21.9018 8.49275 100.215 41.4023 -26.6686 -13.2462 -22.7783 8.11594 -21.1747 1.20181 39.2589 10.9056 38.624 53.2453 -43.0965 -12.3091 -19.0597 13.5367 18.227 -20.8336 -64.7417 -5.75467 -23.3675 8.67555 -2.38482 1.39744 15.1902 -25.3194 -35.656 2.58916 -11.1427 6.55377 -0.146195 2.94901 -0.0118089 -2.46414 -0.843675 8.48099 -6.27907 |
000163 |  -43.1734 18.6101 114.084 54.3464 -34.1192 -27.2789 -24.62 8.84877 -3.94211 -7.64341 42.6243 16.0439 39.3956 52.429 -63.2467 -20.9085 -27.0324 15.0637 28.342 -20.5507 -78.0277 1.2401 -14.0052 14.4332 -1.56215 -5.0264 16.9327 -19.8522 -37.4621 4.44745 -10.8513 6.74112 0.71933 5.76378 -0.326308 -2.04561 -0.480414 9.25342 -7.16802 |
000164 |  -37.7048 30.7363 67.6895 65.1731 -38.7143 -41.2496 -24.987 8.21719 14.234 -17.5983 41.7514 22.2423 33.7362 45.3366 -77.5297 -22.1575 -29.2581 12.2404 11.3519 -23.7588 -32.0683 7.27816 -4.08835 18.7234 -0.262076 -8.16332 17.2485 -12.1545 -36.5353 3.20122 -10.7339 5.38304 1.75134 8.00704 0.130315 -1.01236 0.0422712 8.98083 -5.54003 |
000165 |  -29.0094 48.1784 12.6733 73.7667 -41.0308 -51.74 -24.1755 6.4143 31.1708 -29.1464 36.5287 28.3702 23.4187 33.3951 -83.2517 -16.1627 -25.3494 5.64924 -8.42773 -33.5881 20.5854 10.7813 3.92052 19.0446 1.66988 -7.21565 16.2673 -2.46578 -33.2926 -0.506154 -10.5515 3.0282 2.86459 9.54848 1.27063 0.570283 0.743992 7.77644 -1.76547 |
000166 |  -28.0351 63.5485 -22.342 80.0242 -41.4884 -56.0061 -22.7309 3.76838 44.1699 -41.9289 28.2232 33.3972 9.51861 18.088 -79.6566 -3.71465 -15.6219 -3.85966 -19.05 -42.5398 50.9838 11.2557 8.44957 14.6838 3.98364 -3.16636 14.2698 8.67307 -28.453 -5.11158 -9.96908 0.499172 3.88297 10.403 2.75004 2.45427 1.54853 5.96103 3.12874 |
000167 |  -31.7092 73.3314 -40.6029 83.8419 -40.1202 -52.3682 -21.1016 0.535229 51.066 -54.7123 18.815 36.6085 -5.46339 2.79889 -68.8237 12.0518 -2.85348 -14.1525 -22.8884 -46.8845 62.4912 9.0107 8.68308 6.17267 6.11851 1.93039 11.5676 20.6088 -22.8781 -8.41794 -8.71714 -1.42225 4.61027 10.6756 4.11071 4.28274 2.24623 3.9941 7.55302 |
000168 |  -36.388 76.7421 -47.7035 84.7526 -36.4618 -40.4572 -19.4521 -3.19696 50.9757 -65.7308 10.0955 37.6261 -15.5781 -5.92506 -56.5064 23.7686 6.21622 -20.8623 -22.9518 -46.0652 61.1701 5.0468 4.87601 -4.8849 7.45841 6.02553 8.46063 32.7001 -17.2938 -8.2758 -6.68262 -2.21567 4.91633 10.4999 4.9376 5.69529 2.53767 2.3046 9.83082 |
000169 |  -41.1977 73.1965 -43.4496 81.6944 -29.589 -21.1989 -17.559 -7.36386 44.5111 -73.1382 3.02308 36.1933 -14.8126 -3.29609 -49.948 23.5366 4.87676 -19.6006 -19.6476 -40.0049 47.3176 1.03676 -0.871278 -15.6753 7.57337 7.76901 5.22534 44.2721 -12.027 -3.58554 -3.92783 -1.73628 4.78198 9.99864 4.96886 6.42421 2.18487 1.08193 9.01261 |
000170 |  -47.5908 62.7731 -22.7816 73.2757 -18.4017 3.54582 -14.9774 -12.0947 33.6422 -75.3249 -2.39444 31.9936 -5.01257 5.91021 -52.5454 11.4894 -5.78746 -10.6082 -11.2187 -29.2797 16.1706 -1.18667 -4.53709 -22.6337 6.32129 6.63809 2.09772 54.4684 -6.90822 5.03939 -0.665525 -0.230069 4.30854 9.26739 4.1454 6.35901 1.18484 0.209277 5.44489 |
000171 |  -56.4118 48.714 15.5602 58.3801 -2.06328 31.2591 -11.1688 -17.382 21.1499 -71.0752 -6.9478 24.6956 5.59793 11.0766 -62.1132 -4.40095 -18.162 1.46573 2.90454 -17.6954 -33.1353 -0.949953 -2.62626 -23.4209 3.8618 2.85247 -0.759665 62.2754 -1.5069 15.5048 2.80907 1.75523 3.68121 8.38605 2.60131 5.56278 -0.184013 -0.59307 0.581452 |
000172 |  -58.7153 36.697 45.9746 36.6364 19.8061 58.6467 -5.77511 -23.1491 9.94859 -59.6794 -12.1146 14.1424 11.5467 7.07723 -73.6324 -16.9297 -26.2277 12.2538 12.8708 -11.1207 -74.1244 0.53047 4.60271 -18.7148 0.637015 -2.68688 -3.29611 66.8111 4.51803 25.2024 6.18409 3.52312 3.10926 7.4042 0.643741 4.26445 -1.51013 -1.55426 -3.82041 |
000173 |  -40.7652 22.6585 29.2387 8.50031 46.8051 81.7561 1.12761 -29.044 2.4925 -41.144 -19.7884 0.579303 12.132 -3.72591 -81.9887 -23.235 -28.0034 19.6662 4.06802 -5.32874 -65.8579 1.24642 13.339 -11.4434 -2.68325 -8.42792 -5.5612 67.6441 11.1313 31.91 9.19356 4.45665 2.74953 6.31 -1.3079 2.81669 -2.43287 -2.75011 -6.39178 |
000174 |  -12.8142 0.157128 -15.8224 -24.4501 76.8828 97.8468 8.94631 -34.3276 -0.299001 -16.7262 -31.3121 -15.2596 7.71947 -16.9972 -83.4014 -23.0028 -23.5237 23.0278 -13.2144 7.0589 -26.1385 0.029087 19.4424 -4.52461 -5.41003 -12.5049 -7.61975 64.946 17.8504 34.3256 11.6575 4.24354 2.64281 5.00009 -2.8198 1.60791 -2.73102 -4.12798 -6.39821 |
000175 |  8.08132 -23.6719 -50.0404 -58.829 105.968 106.394 16.5925 -38.2606 1.49941 10.7843 -46.4369 -32.211 -1.79033 -30.0125 -76.2981 -16.4563 -13.5186 22.1526 -22.2165 21.1386 5.60339 -3.01261 20.4961 0.246331 -7.08142 -13.435 -9.45928 59.3968 23.8821 32.2333 13.4892 3.00685 2.69657 3.35805 -3.58835 0.940105 -2.33279 -5.56763 -3.74092 |
000176 |  19.7465 -41.925 -67.1672 -90.0598 129.396 107.284 23.1584 -40.247 7.59653 37.4635 -62.8814 -48.5208 -15.6988 -41.2303 -61.5794 -4.46848 0.346178 17.5464 -22.1345 32.3056 22.5013 -7.02354 15.9933 2.11193 -7.61127 -10.8993 -10.9438 51.9604 28.3892 26.4979 14.6575 1.22522 2.7442 1.39034 -3.54082 0.933463 -1.35735 -6.9291 0.999315 |
000177 |  25.4903 -53.4249 -74.0482 -113.656 143.358 99.4059 27.9769 -40.059 17.8096 59.2334 -76.8856 -61.7798 -30.3225 -48.298 -42.7516 9.30693 14.5971 11.428 -17.7707 40.3114 31.1756 -10.9529 7.01889 1.07721 -7.21891 -5.90349 -11.8407 43.6552 30.7171 18.97 15.1626 -0.462017 2.62487 -0.690357 -2.86686 1.4729 -0.141434 -8.08513 6.50216 |
000178 |  27.7101 -59.1842 -75.9578 -126.473 145.638 81.2027 30.6993 -37.7125 31.9419 73.0241 -84.5797 -69.585 -38.1986 -48.2573 -25.624 17.1307 24.0251 7.7052 -12.5224 45.7976 36.6512 -13.761 -3.71868 -1.89972 -6.23715 -0.176207 -11.936 35.3829 30.5586 12.1441 15.0162 -1.50398 2.25864 -2.53043 -1.92246 2.2743 0.811982 -8.93065 10.871 |
000179 |  27.6774 -60.4469 -75.3979 -127.572 136.103 52.5575 31.2314 -33.5026 49.4128 77.8485 -83.5425 -70.706 -32.8481 -40.5779 -15.1341 12.0814 24.6414 8.69141 -8.06775 49.1382 41.1466 -14.6729 -12.2663 -4.7061 -4.96631 4.6142 -11.1305 27.7601 27.9317 8.30968 14.2496 -1.58291 1.65727 -3.76183 -1.09655 2.99112 1.04591 -9.38086 12.3296 |
000180 |  26.0467 -58.1237 -73.4671 -118.419 116.666 16.2856 29.7491 -28.0202 68.5604 74.9965 -73.5199 -65.8155 -16.0172 -29.259 -11.6073 -4.23857 17.121 12.1307 -5.14518 50.5112 45.3006 -13.5858 -15.105 -4.77881 -3.63847 7.30879 -9.46364 21.0141 23.1347 8.49582 12.9143 -0.706257 0.911409 -4.14417 -0.670506 3.34874 0.391834 -9.35877 10.1442 |
000181 |  23.1204 -52.6294 -70.3253 -102.03 90.5623 -21.5488 26.8042 -21.8781 85.9391 67.1622 -56.1028 -57.1042 4.30892 -19.3388 -11.9673 -23.3797 5.67301 13.9374 -3.98293 49.8785 48.7174 -11.1296 -11.5385 -0.937112 -2.43337 7.38669 -7.08208 15.011 16.7347 11.9733 11.0781 0.79395 0.157828 -3.63473 -0.75245 3.21305 -0.925552 -8.8157 5.09383 |
000182 |  18.7413 -43.7075 -64.7885 -81.6507 61.1206 -53.0418 22.8531 -15.6516 96.7111 57.1042 -33.9024 -47.1519 21.5338 -12.6202 -12.8211 -38.1128 -5.67428 12.1539 -4.35586 46.7075 49.5963 -8.1199 -4.09227 5.59888 -1.4679 4.99382 -4.19389 9.49771 9.50113 16.7743 8.81549 2.32816 -0.453298 -2.40368 -1.26052 2.61897 -2.44995 -7.77498 -1.01412 |
000183 |  12.035 -29.8944 -52.2893 -59.829 30.8252 -71.0675 18.4424 -9.45793 96.3081 46.6844 -9.86683 -37.9157 32.7576 -8.25194 -11.6504 -45.3755 -14.4891 7.0699 -5.00774 39.3266 42.9395 -5.05575 3.57338 12.2577 -0.737357 0.977704 -1.04745 4.4032 2.29024 20.7059 6.19553 3.23136 -0.800252 -0.787573 -1.95541 1.74639 -3.74838 -6.35364 -6.27972 |
000184 |  0.307687 -8.02129 -20.8099 -38.3321 1.30459 -72.3556 13.9577 -2.97678 82.6921 36.6703 13.0467 -30.2522 36.78 -5.26764 -6.94833 -44.6251 -19.2515 -0.176183 -2.04155 24.0162 16.2703 -2.13167 8.75381 16.7641 -0.0342368 -3.17564 2.09244 -0.0975467 -4.21468 22.0473 3.29241 3.03953 -0.834902 0.802942 -2.51414 0.86298 -4.57189 -4.74531 -9.36419 |
000185 |  -22.1657 24.5459 50.5747 -18.6706 -25.9748 -59.3542 9.64038 3.88723 57.9123 27.146 32.1099 -23.9883 32.6003 -3.77848 1.94804 -36.1174 -18.5319 -8.29114 12.4109 -2.81782 -51.2268 0.534824 10.1394 17.6897 1.04338 -5.74907 4.97985 -3.73122 -9.69103 19.8235 0.21064 1.69875 -0.590828 2.01976 -2.64077 0.241664 -4.87935 -3.17806 -9.67329 |
000186 |  -52.1967 52.7901 139.962 -2.41683 -49.3086 -39.0372 5.78409 10.6743 27.3113 18.2482 45.2982 -18.2709 20.3371 -4.5443 14.389 -20.8519 -11.3022 -15.852 36.7178 -26.9721 -136.869 2.82249 7.57787 14.5012 2.89197 -5.60307 7.41797 -6.32765 -14.2163 13.8309 -2.88274 -0.387274 -0.160928 2.70128 -2.18145 0.0614644 -4.78296 -1.86004 -7.2694 |
000187 |  -55.2987 49.0308 123.888 9.50479 -67.2515 -18.6747 2.92338 16.6445 -2.9777 10.3913 52.0437 -12.2221 3.08979 -7.06784 28.3014 -1.98267 1.32864 -21.4618 36.463 -21.1253 -116.373 4.66889 1.90794 7.67017 5.61052 -2.79427 9.24928 -7.97893 -18.0827 4.7493 -5.76074 -2.53762 0.347991 2.88416 -1.18971 0.332647 -4.48024 -0.922186 -2.79545 |
000188 |  -32.5135 37.8241 33.5223 16.7122 -79.1272 -1.61315 1.32035 21.3203 -29.5303 3.84143 53.7945 -5.71906 -12.2979 -7.1172 40.9687 13.5006 13.686 -24.4151 13.3198 -11.2354 -21.4363 5.97096 -4.76871 -0.789893 8.79599 1.5199 10.4055 -8.9997 -21.5913 -5.70585 -8.18033 -4.07362 0.838003 2.68758 0.087852 0.885174 -4.17688 -0.34141 2.54597 |
000189 |  -13.5511 36.1173 -21.0084 19.2149 -85.3896 11.7184 0.751497 24.8028 -51.287 -1.11174 52.9827 0.911516 -17.5855 1.06561 49.2421 17.8423 16.8509 -25.1817 -2.20418 -14.8655 37.176 6.42214 -9.17846 -7.12367 11.7147 5.77119 10.8978 -9.75777 -25.0266 -15.1433 -9.93662 -4.49121 1.21759 2.2718 1.30107 1.44386 -4.0698 0.109803 7.11906 |
000190 |  -0.81886 36.3362 -38.3912 17.9339 -87.4082 21.5144 0.716573 27.2781 -68.5048 -3.99988 51.6176 7.51602 -10.8127 17.4897 49.8445 10.7455 7.07675 -24.436 -8.93834 -23.1014 58.1595 5.46421 -8.57519 -7.54808 13.6735 8.63592 10.7805 -10.5556 -28.6281 -21.3538 -10.9134 -3.59998 1.42969 1.81668 2.13905 1.76871 -4.30075 0.800923 9.29892 |
000191 |  9.97385 34.5683 -39.3338 14.2403 -86.5411 27.9973 0.937268 29.0139 -81.78 -4.56653 50.7877 14.2528 1.85138 35.3595 41.7547 -0.325888 -9.79753 -22.0647 -12.8886 -30.0946 62.0911 2.61752 -3.10688 -1.24092 14.238 9.34159 10.1139 -11.6027 -32.3191 -23.27 -11.1045 -1.5596 1.47734 1.49143 2.39861 1.71169 -4.84683 2.01286 8.28131 |
000192 |  20.6512 30.5157 -34.3637 9.33121 -83.7081 31.3895 1.14492 30.0622 -91.3248 -2.92445 50.7098 21.375 13.5963 48.7513 27.9061 -8.58328 -25.1987 -17.9206 -16.9125 -34.2134 59.3982 -1.88883 4.05359 8.73613 13.3039 7.71394 8.99208 -13.0214 -35.5189 -21.4206 -10.64 1.10636 1.42932 1.37332 2.04495 1.25442 -5.49932 3.71432 4.54361 |
000193 |  31.5584 24.6156 -27.7959 4.14295 -79.44 31.9787 1.35699 30.4879 -97.4188 0.448451 50.8946 28.9647 21.2201 56.0972 13.2029 -11.809 -34.1429 -12.4776 -21.8574 -35.1362 54.0065 -7.13915 9.32635 18.0806 11.0909 4.16742 7.52682 -14.7401 -37.1857 -17.503 -9.75609 3.60449 1.38285 1.43906 1.1998 0.486095 -5.96927 5.53152 -0.428023 |
000194 |  42.2158 17.3358 -21.086 -0.603364 -74.0332 30.0508 1.46027 30.2159 -100.191 4.78681 50.3203 36.8583 24.0948 57.705 1.60534 -10.4502 -35.0183 -6.56284 -27.8211 -32.7143 47.1547 -12.0766 10.6033 23.7836 8.09581 -0.310514 5.81007 -16.4335 -36.2206 -13.4554 -8.73056 5.08439 1.40704 1.54534 0.122339 -0.416484 -6.0421 6.94941 -4.92874 |
000195 |  51.8824 8.94468 -14.6694 -4.3488 -67.6602 25.8633 1.49231 29.194 -99.5991 9.19937 47.6668 44.699 22.4238 53.75 -4.64845 -5.59293 -27.6471 -1.03458 -34.5552 -26.7694 39.1781 -15.8087 7.19453 24.5185 4.98386 -4.26231 3.85337 -17.6482 -31.9635 -10.7254 -7.76902 4.94951 1.49067 1.45963 -0.866714 -1.23091 -5.64689 7.53249 -7.66261 |
000196 |  59.6902 -0.357676 -8.68311 -6.59672 -60.4503 19.5501 1.41305 27.4624 -95.3716 12.8179 41.839 51.9698 16.7432 44.6041 -4.69372 1.45244 -12.9176 3.32061 -41.4321 -17.3592 30.2966 -17.6052 -0.704084 20.1338 2.34345 -6.2399 1.5997 -17.9925 -24.5183 -9.96531 -6.90054 3.15754 1.53652 0.943296 -1.49292 -1.75928 -4.8294 7.04688 -7.96901 |
000197 |  64.8032 -10.2031 -2.89243 -6.91915 -52.5548 11.1504 1.14586 25.0587 -87.2442 14.9066 32.6457 57.9104 8.598 32.5569 0.77197 8.56637 5.79495 6.07336 -47.3674 -5.17681 20.8662 -16.9901 -11.9616 11.591 0.440182 -5.48166 -0.960464 -17.3099 -14.7396 -11.0388 -5.98373 0.261968 1.4099 -0.153799 -1.62427 -1.89622 -3.69985 5.49594 -5.83223 |
000198 |  66.2311 -19.9448 2.9267 -4.9031 -44.177 0.541057 0.630482 22.03 -74.8142 14.83 21.1277 61.5349 1.58949 22.6288 8.26571 12.3796 21.2919 7.7823 -50.9938 8.26919 11.3036 -14.2344 -23.804 1.69077 -0.869474 -2.41795 -3.65595 -15.6893 -3.91954 -13.0855 -4.79686 -2.82453 1.01527 -1.8014 -1.31781 -1.67198 -2.38209 3.12065 -1.87242 |
000199 |  63.0372 -28.5651 9.3267 -0.241285 -35.6424 -12.4599 -0.169586 18.5728 -58.0041 11.9827 9.11742 61.8655 0.394519 19.2114 11.6134 10.0088 25.6755 9.88809 -50.9852 20.7858 1.69112 -10.7449 -31.724 -4.864 -1.9376 1.61995 -6.13357 -13.4216 6.56275 -14.6571 -3.16404 -5.18018 0.344677 -3.77472 -0.789227 -1.24288 -0.966723 0.376703 2.67639 |
000200 |  54.1375 -34.1799 17.6887 7.04579 -27.3447 -28.0146 -1.32361 14.9698 -37.2572 5.94985 -1.65179 58.422 6.70644 20.7841 6.23325 2.18691 17.311 12.9629 -46.1541 29.5862 -8.77816 -8.3077 -31.5041 -3.98967 -3.07946 5.12302 -8.02499 -10.9001 15.5541 -14.0743 -1.02756 -6.15483 -0.514566 -5.70344 -0.323774 -0.836512 0.521357 -2.16389 6.21831 |
