000000 |  -124151 -58447.3 43826.4 255258 41715.5 -100236 -64724.2 -116087 37205 102383 257119 -17957.7 77084.4 -130702 -58278.6 -147279 210589 104628 138039 49595.6 -70321.9 -241105 -60029.5 123528 60662.2 142166 11719.2 -118261 -250874 -8169.16 -71257.8 125832 55688.5 133352 -210878 -121632 |
000001 |  -123795 -57168.4 44111 254525 41622.6 -100059 -63330.5 -113926 36186.1 101455 254113 -17386.5 74880.4 -127295 -56780.2 -144808 207669 103127 133678 47939.2 -67976 -237135 -58525.6 121374 58860.8 137893 11340 -116167 -246928 -8073.68 -69383.6 122113 53932.1 131220 -207509 -119795 |
000002 |  -122998 -53505.5 45025.1 252629 41387.4 -99640.8 -59643.4 -108534 33323.3 99092.6 246271 -15811 69224.1 -118343 -52922.1 -138355 200137 99253.5 122377 43530.9 -61873.8 -226953 -54569 115820 54295.3 126788 10260.6 -110725 -236751 -7830.65 -64683 112441 49491.9 125739 -198852 -115096 |
000003 |  -122279 -47910.7 46642.2 250176 41091.4 -99199.6 -54852.5 -102455 29082.7 96289.6 236370 -13546.1 62430.5 -106999 -48270.5 -130265 191013 94560.3 108438 37686.7 -54266.8 -214706 -49456.9 109038 49019.6 113139 8643.43 -104017 -224496 -7550.32 -59285.7 100324 44308.1 119052 -188305 -109442 |
000004 |  -122265 -41032.6 49020.9 247926 40834.8 -99010.7 -50339 -98383 23989.6 94161.7 227457 -10901.1 56890.9 -96697.4 -44500.2 -122997 183532 90711.2 96385.8 31701.6 -47500.9 -204699 -44454.1 103260 45084.6 101437 6697.53 -98161.8 -214454 -7348.77 -55386.8 89482.4 40425.2 113400 -179424 -104843 |
000005 |  -123413 -33584.6 52127.4 246494 40691.6 -99293.7 -47211.5 -98114.3 18447.7 93549.6 221748 -8044 54206.4 -90042.7 -42830.2 -118275 180053 88929.1 89484.7 26377.8 -43227.7 -199942 -40321 100006 43799.4 94915.1 4641.75 -94601 -209635 -7308.06 -54437 82603 39278.3 110346 -174691 -102727 |
000006 |  -125816 -26229.2 55783.4 246141 40677.6 -100127 -46119.7 -102281 12680.5 94890 220310 -4981.63 54937.6 -88383 -43832.5 -116839 181662 89812 89384.3 21978.7 -42226 -201844 -37268.6 99926.6 45574 95145.8 2678.84 -93943.5 -211410 -7459.38 -56943.6 81013.8 41500.9 110578 -175216 -103756 |
000007 |  -129163 -19486.4 59672.5 246718 40744.5 -101421 -47138.4 -110309 6751.31 98135.5 222971 -1611.45 58745.8 -91813 -47467.8 -118572 188205 93369.5 96190.4 18381.9 -44458.6 -210325 -35110.2 102885 50044.8 102094 964.028 -96065.7 -219593 -7775.36 -62528 84718 46934.5 113957 -180803 -107843 |
000008 |  -132812 -13696.7 63372.7 247720 40792.4 -102932 -49750.8 -120571 654.952 102740 228432 2177.37 64489.5 -99052.1 -53055.9 -122564 198203 98985.6 108326 15232.4 -49048.2 -223698 -33423.2 107942 56135.6 113987 -431.062 -100140 -232332 -8158.43 -69964.2 92375.6 54605.9 119518 -189948 -114113 |
000009 |  -135969 -9036.63 66429.6 248471 40703.6 -104331 -52903.4 -130611 -5561.81 107689 234487 6388.64 70325.3 -107382 -59236.4 -127181 208802 105369 122336 12102.2 -54251.2 -238479 -31713.4 113336 62124.3 127222 -1540.41 -104666 -246015 -8440.72 -77212.2 101261 62691 125465 -199820 -120853 |
000010 |  -137954 -5578.87 68462.1 248379 40390.2 -105308 -55271 -137732 -11696.7 111726 238598 10834 74070.9 -113172 -64171 -130400 216293 110741 133408 8689.06 -57792.4 -249876 -29622.7 116796 65964.8 137006 -2469.47 -107759 -255882 -8426.23 -81820.9 107821 68847.7 129533 -206810 -125818 |
000011 |  -138450 -3365.79 69265.3 247182 39835.4 -105687 -55765.4 -139958 -17388.9 113816 238871 15152.7 74017.3 -113377 -66215 -130598 217586 113491 137293 5013.98 -57829.7 -253677 -27129.8 116493 66081.2 139360 -3295.07 -107938 -257984 -7987.74 -81878.9 109139 71127.8 129917 -207991 -127127 |
000012 |  -137624 -2457.7 68867.8 245073 39110.2 -105495 -54071 -136952 -22251.7 113647 234979 18963.5 69817.9 -107290 -64791.8 -127433 211942 113044 132760 1444.87 -54048.5 -248660 -24575 112111 62231.9 133450 -3971.02 -104979 -251486 -7153.13 -77065.5 104614 69054.5 126302 -202780 -124329 |
000013 |  -136085 -2936.95 67518.4 242659 38359.1 -104952 -50825.4 -130165 -26045.8 111791 228326 22052.6 62687.9 -96992.7 -60741.4 -122042 201413 110198 122396 -1499.99 -47877.5 -237392 -22458.5 105059 55659.6 122131 -4341.26 -100065 -239201 -6090.05 -68874.9 96364.9 63918.6 120090 -193340 -118699 |
000014 |  -134530 -4846.4 65535.7 240616 37738.8 -104329 -47307.8 -122118 -28763.1 109405 221340 24455.4 54779.7 -86152 -55873 -116413 189662 106688 110923 -3398.03 -41578.1 -224568 -21199.6 97578.8 48372.3 110135 -4252.79 -95068.4 -225808 -4997.51 -59730.1 87860.7 57948.6 113521 -183214 -112413 |
000015 |  -133574 -8164.45 63229.8 239538 37390 -103879 -44919.4 -115358 -30554 107720 216452 26383.6 48218.3 -78143.7 -52084.1 -112433 180119 104309 102706 -4009.48 -37084.7 -214557 -21050.3 91604.1 42245.4 101713 -3654.79 -91673.7 -215536 -4009.5 -51904.8 82254 53234.6 108635 -175666 -107495 |
000016 |  -133529 -12761.5 60799.1 239719 37403.7 -103729 -44716 -111681 -31588.7 107621 215321 28067 44518.6 -75006.7 -50763.7 -111334 174950 104339 100404 -3208.56 -35463 -210094 -22153.7 88240.6 38572.7 99414.4 -2627.01 -90942 -210984 -3170.86 -46938.4 81466 51115.6 106718 -172760 -105219 |
000017 |  -134310 -18382.9 58288.4 241054 37808.1 -103845 -47163.3 -111802 -31935.3 109450 218514 29608.5 44431.5 -77312.3 -52596.5 -113582 174927 107365 104830 -919.184 -36935.4 -212136 -24607.8 87796.6 37979.2 103938 -1339.99 -93256.5 -212988 -2465.67 -45535.6 86057.3 52063.5 108238 -175233 -106004 |
000018 |  -135458 -24656.2 55599.6 243060 38566.9 -104032 -52020.3 -115235 -31490.1 112929 225390 30893.2 47897.3 -84344.1 -57502.3 -118872 179579 113237 115107 2857.42 -41033.1 -220023 -28438.9 89924 40413.2 114334 9.36208 -98353.1 -220806 -1858.59 -47582.4 95306 55719.4 112902 -182553 -109466 |
000019 |  -136295 -31117.1 52565.7 245019 39594.2 -104010 -58309.8 -120287 -29979.1 117152 234079 31573.5 53922.9 -94183.4 -64521.4 -126045 187245 120966 128686 7906.12 -46662.4 -231450 -33462.9 93663.2 45019.7 127997 1255.12 -105221 -232075 -1328.86 -52083.6 107148 60881.7 119604 -192843 -114403 |
000020 |  -136183 -37254.3 49065.9 246216 40781.3 -103523 -64489.1 -124370 -27067.1 120759 241790 31175.2 60554.4 -103854 -71780.3 -133069 195174 128692 141481 13625.8 -52192.7 -242567 -39107 97507 50098.6 140824 2300.34 -112067 -242930 -891.489 -57169.7 118238 65599.3 126436 -202918 -118885 |
000021 |  -134806 -42568.6 45144 246224 42033 -102456 -68934.3 -124885 -22577.8 122380 245689 29328.7 65341.6 -110004 -76910.2 -137496 200174 134085 148910 19024.5 -55854.4 -248979 -44395 99779 53523.3 148261 3119.04 -116719 -249005 -595.206 -60568.5 124749 67719.1 131123 -209072 -120781 |
000022 |  -132333 -46634.8 41064 245062 43297.3 -100895 -70624.6 -120495 -16714.7 121273 244171 26014.6 66439.4 -110305 -78080.7 -137534 199985 135363 147963 23077.5 -56503.3 -247783 -48293.7 99387 53769.1 147396 3717.8 -117627 -247505 -490.272 -60650.5 124085 65916.2 132045 -208779 -118778 |
000023 |  -129378 -49153.1 37267.7 243172 44574.4 -99102.9 -69613 -111979 -10089.4 117739 237741 21623.9 63668.5 -104728 -75047.2 -133084 194553 132320 138981 25306.2 -54268.2 -239337 -50282.8 96468.4 50860.5 138665 4088 -114779 -238895 -589.838 -57420.1 116412 60516.3 129191 -202213 -113187 |
000024 |  -126781 -49981 34257.3 241229 45901.5 -97429.1 -66903.6 -101912 -3485.93 112966 228738 16754.6 58591.2 -95597.5 -69295.3 -125812 186080 126471 125419 26068.4 -50455.1 -227025 -50644.2 92303.3 46362.8 125542 4193.95 -109698 -226601 -863.738 -52529.1 104556 53301.3 124180 -192151 -105753 |
000025 |  -125317 -49142.3 32457.2 239898 47319.9 -96203.3 -63884.3 -93453.6 2462.56 108441 220180 11914.9 53493.9 -86290.2 -63118.4 -118131 177754 120128 111837 26297.7 -46806.2 -215266 -50210.3 88585.4 42436.8 112535 4006.13 -104510 -215023 -1269.67 -48306.7 92358.8 46472.2 119308 -182326 -98629.1 |
000026 |  -125440 -46805.1 32097.9 239595 48833.3 -95646.2 -61743.3 -89123.9 7459.54 105379 214585 7352.5 50258.8 -79799.2 -58525.1 -112090 172346 115322 101970 26983.5 -44784 -207615 -49867 86719.3 40842.9 103304 3541.17 -100986 -207687 -1785.97 -46727.1 83050 41717.7 116555 -175818 -93468.5 |
000027 |  -127127 -43232.2 33157.1 240348 50370.9 -95818.2 -61167 -90206.3 11527.2 104438 213382 3071.84 49859.5 -78021.8 -56694.4 -108860 171536 113264 97940.3 28785.3 -45269 -206005 -50199.2 87527.6 42483.2 99919.7 2877.5 -100114 -206518 -2419.81 -48917.4 78560.5 39881.1 117121 -174377 -91105 |
000028 |  -129869 -38716.3 35368.8 241776 51771.9 -96614.4 -62258.6 -96653 14864.5 105667 216799 -1041.48 52375.9 -81635.3 -57914.9 -108744 175834 114296 100229 31865.3 -48518.5 -210753 -51351.4 91215.1 47369.2 102890 2141.31 -102080 -211890 -3191.32 -55085.3 79507.8 41022.7 121373 -178421 -91627.7 |
000029 |  -132785 -33528.4 38281.8 243171 52802.3 -97791.8 -64527.7 -107153 17673.5 108523 223875 -5072.07 57139.6 -90061.5 -61646.2 -111290 184564 117943 107745 35847.8 -54131.3 -220645 -53002.5 97335.6 54670.2 111187 1464.01 -106301 -222662 -4101.62 -64468 85182.4 44495.6 128767 -187052 -94450.9 |
000030 |  -134928 -27914.2 41390.5 243766 53223.3 -99062.4 -66923.4 -119262 20006.9 111920 232534 -8949.91 62818.6 -101332 -66538.7 -115355 195741 122932 117696 39838.7 -60907.9 -232807 -54389.2 104648 62716 122093 929.477 -111392 -236020 -5092.2 -75231.7 93440 48976.3 137720 -197953 -98332.6 |
000031 |  -135606 -22127.8 44271 243027 52875 -100196 -68044.2 -129831 21696.6 114435 239950 -12397.6 67596.4 -112212 -70606.5 -119258 206176 127347 125921 42653.5 -66916.9 -243031 -54519.4 111177 69229.8 131451 535.223 -115365 -247714 -6020.66 -84588.8 100871 52627.7 145683 -207571 -101517 |
000032 |  -134618 -16479.1 46686.7 240864 51740.8 -101106 -66641 -135977 22425.4 114796 243490 -15009 69666.8 -119090 -71813.5 -121267 212331 129205 128375 43321.7 -70133.4 -247219 -52652.8 114841 72066.1 135047 212.362 -116323 -253421 -6692.46 -89622.4 103916 53689.7 149921 -212228 -102305 |
000033 |  -132338 -11348.8 48640.2 237702 49963.7 -101891 -62235.7 -136316 21933.2 112484 241929 -16452.5 68052.7 -119688 -69052.8 -120408 211997 127417 123309 41607 -69519.7 -243541 -48795.3 114527 70259.1 130868 -84.3586 -113482 -250970 -6958.76 -88731.2 100768 51373.8 148928 -210013 -99932.8 |
000034 |  -129556 -7144.21 50335.4 234330 47796.1 -102799 -55426.1 -131638 20213.3 108013 236122 -16657.8 63154.8 -114363 -62790.7 -117019 205571 122429 112461 38092.6 -65718.5 -233609 -43756.7 110789 64553 120446 -295.399 -107681 -241700 -6807.55 -82599.4 92560.6 46350.5 143379 -201987 -95048.2 |
000035 |  -127176 -4216.55 52071 231616 45515.3 -104135 -47603.7 -124407 17537 102637 228529 -15827.9 56542.4 -105786 -54779.4 -112533 195750 115928 100046 33735.5 -60671.5 -221496 -38679.9 105479 56895.9 107989 -271.238 -100866 -229615 -6359.23 -73743.1 82692.4 40336.7 135680 -191506 -89307.3 |
000036 |  -125848 -2765.31 54086.3 230163 43336.2 -106113 -40316.4 -117526 14296.3 97717.3 221984 -14277.4 50221.5 -97422.5 -47157.5 -108749 186034 109951 90494.7 29334.9 -56520.8 -211527 -34479.3 100679 49388.6 98072.4 121.812 -95029 -219143 -5775.28 -65124.4 74954.1 35197.7 128609 -182379 -84488.3 |
000037 |  -125843 -2813.43 56489.1 230206 41395.2 -108801 -34785.1 -113324 10827.7 94258.8 218717 -12256.4 45945.3 -92052.6 -41645.3 -107160 179274 106099 86818.9 25318.2 -54742.3 -206694 -31611.3 97855.2 43571.7 93925.3 911.409 -91509.7 -213475 -5171.77 -58974.5 72006.5 32265 124166 -177360 -81830.4 |
000038 |  -126976 -4218.19 59196.8 231550 39751.8 -112069 -31681 -113030 7313.85 92712.2 219842 -9858.22 44870.1 -91096.7 -39206.9 -108628 177010 105211 90223 21840 -55888.7 -208308 -30160.7 97616.2 40281.2 96960.6 1995.06 -90877.3 -214133 -4590.37 -56456.2 75018.3 32200.7 123290 -177784 -81919.7 |
000039 |  -128630 -6711.54 61913.2 233597 38409.7 -115572 -31116.8 -116686 3787.04 93003.5 225284 -7037.17 47471.1 -94626.3 -40058.4 -113339 179477 107392 100200 18905 -59627.6 -216085 -29985.7 99744.6 39665.3 106795 3172.96 -92990.6 -220983 -4008.61 -57709.3 83773.9 35057.3 125934 -183652 -84763.5 |
000040 |  -129950 -9971.92 64199.4 235521 37354.9 -118819 -32672.5 -123110 200.324 94590.1 233751 -3693.68 53417.3 -101452 -43672.4 -120713 185674 112032 114562 16403.6 -64811.1 -228143 -30789.1 103245 41183.5 121317 4210.08 -97046.4 -232249 -3371.94 -61829.4 96630.3 40243.5 131080 -193558 -89762.4 |
000041 |  -130143 -13683.3 65619.6 236554 36588.3 -121321 -35473.9 -130007 -3457.93 96560.6 242842 196.75 61430.2 -109230 -48765.7 -129291 193436 117799 129402 14065.1 -69569.9 -240897 -32112.9 106409 43575.6 136740 4910.64 -101591 -244503 -2636.83 -66929.8 110528 46491.8 136802 -204663 -95675.3 |
000042 |  -128735 -17572.5 65888 236221 36135.7 -122726 -38442.9 -134573 -7052.61 97891.7 249644 4464.57 69387.4 -114865 -53473.8 -136859 199805 122810 139890 11480.3 -71815.6 -249799 -33383.1 107289 45120 148286 5175.27 -104780 -253282 -1815.95 -70492.9 121391 51989.3 140598 -213067 -100732 |
000043 |  -125815 -21434.4 65017.8 234562 36054 -122968 -40704.5 -134598 -10281.1 97835.7 251817 8730.98 74998 -115532 -55952.7 -141122 202018 125223 142268 8281.28 -70181 -251278 -34086.1 104628 44391.1 152056 5021.34 -105120 -254911 -997.724 -70427.4 125666 55037.7 140413 -215330 -103277 |
000044 |  -122018 -25132.2 63334.7 232111 36417.8 -122279 -41978.1 -129614 -12802.7 96285.7 248740 12548.5 76944.3 -110099 -55295.4 -140835 198896 124137 135982 4412.34 -64825.8 -244855 -34016.7 98654 41127.4 147138 4536.16 -102305 -248601 -308.621 -66268.1 122247 54960.2 135809 -210389 -102659 |
000045 |  -118287 -28581.8 61348.1 229667 37295.6 -121065 -42663.7 -121215 -14436.4 93837.3 241842 15614.1 75610 -99822.9 -52055.7 -136526 191539 120112 124025 268.097 -57314.4 -233474 -33386.7 90970.2 36439.2 136110 3798.03 -97408.7 -236955 156.596 -59508.6 113194 52534.8 128290 -200287 -99662.9 |
000046 |  -115531 -31731.6 59559.4 227978 38724.3 -119735 -43558.4 -112247 -15264.1 91491.2 233810 17884.2 72728.2 -87720.9 -47900.3 -130146 182688 114827 111109 -3425.25 -49654.9 -221704 -32682 83600.1 32159.5 123430 2833.71 -92233.9 -224390 371.535 -52652.7 102389 49481.7 120361 -188845 -96003.5 |
000047 |  -114352 -34546.1 58298.6 227506 40688.8 -118555 -45453.1 -105539 -15559.8 90238.6 227366 19517.7 70286 -77122.9 -44698.5 -123966 175316 110179 101487 -5861.6 -43405.6 -213597 -32414.4 78105.4 29953.7 113232 1640.26 -88438.3 -214974 355.873 -47965.8 93559.3 47575 114302 -179703 -93453.2 |
000048 |  -114897 -36984 57642.2 228318 43101.4 -117581 -48847.6 -102975 -15628.6 90766.7 224363 20725.1 69639.9 -70583.2 -43805.3 -119680 171582 107579 97856.5 -6357.29 -39375.4 -211640 -32950.7 75292.8 30839.2 108142 231.814 -87070.2 -211266 129.06 -46813.8 89120.6 48055.2 111528 -175192 -93264.8 |
000049 |  -116824 -38975.3 57402.3 230068 45784.2 -116659 -53834.1 -105118 -15660.5 93328.6 225432 21632 71250.9 -69502.4 -45827.3 -118092 172530 107720 101191 -4488 -37724 -216628 -34438.6 75313.9 35109.9 109094 -1325.76 -88510.9 -214154 -320.727 -49612.5 90011.3 51474.1 112553 -176176 -96025.1 |
000050 |  -119403 -40405.9 57206.1 232104 48470.6 -115496 -60042.9 -111172 -15658.5 97679.5 229934 22209.7 74752.3 -74058.8 -50621.6 -119141 178083 110572 110789 -183.585 -38111 -227756 -36769.6 77813.5 42388.3 115446 -2916.53 -92518.6 -222971 -1040.11 -55917.3 95797.1 57659.7 117066 -182170 -101617 |
000051 |  -121727 -41117.7 56627 233654 50838.3 -113776 -66609.9 -119124 -15448.3 103041 236068 22280.8 79064.4 -83117.1 -57303.6 -121976 186993 115376 124027 6154.4 -39684.8 -242373 -39512.2 81913.5 51579.1 124889 -4401 -98172.7 -235394 -2085.17 -64430.2 104697 65637.1 123922 -191375 -109135 |
000052 |  -123073 -40983.3 55375.4 234162 52596.6 -111329 -72257.3 -126163 -14770.4 108179 241256 21607.6 82579.9 -94251.9 -64319.5 -125115 196875 120695 136342 13623.5 -41083.8 -255948 -41909 86200.9 60895.7 133572 -5666.75 -103889 -247541 -3467.21 -72964 113602 73545.8 131087 -200678 -116787 |
000053 |  -123147 -39969 53403.2 233492 53566.6 -108215 -75650.4 -129618 -13444.4 111762 243043 20048.5 83536.9 -104197 -69744 -126819 204617 124697 142536 21066.1 -40789.9 -263327 -43113.1 89067.9 68229.1 137083 -6681.51 -107771 -254905 -5095.56 -78886.8 118818 79019.5 136046 -206392 -122265 |
000054 |  -122182 -38178.7 50919.4 231998 53729.8 -104725 -75962.3 -128121 -11506.7 112927 240224 17689.4 80723.4 -110066 -71998.6 -125816 207543 125861 139414 27553.4 -37883.4 -261308 -42645.6 89448 72013.9 132578 -7484.5 -108468 -254439 -6777.52 -80216.2 117708 80205.6 136876 -205886 -123748 |
000055 |  -120805 -35835.3 48292.1 230380 53205.2 -101275 -73315.7 -122273 -9209.34 111719 233506 14841.8 74147.7 -110777 -70648.1 -121986 204787 123764 127903 32754.7 -32703.8 -250712 -40733.2 87466 72028.4 120632 -8086.89 -105975 -246387 -8312.09 -76752.5 110284 76861.1 133368 -199164 -120990 |
000056 |  -119765 -33206.2 45906.4 229405 52175.1 -98269.4 -68739.8 -114309 -6879.54 109049 225164 11899.8 65112.3 -107563 -66642.7 -116450 197785 119329 112503 36845.1 -26761.8 -235837 -38173.6 84359.2 69398 105061 -8359.54 -101622 -234116 -9611.91 -70212.9 99229.4 70518.5 127159 -188889 -115488 |
000057 |  -119677 -30519.8 44053 229670 50806.2 -95992.2 -63656.5 -106961 -4749.61 106184 217917 9168.15 55586.1 -103086 -61758 -110952 189389 114272 98650.2 40123.7 -21981.5 -221865 -35877.9 81762.5 65851.1 90896.6 -8024.13 -97309.9 -222188 -10748 -63198.2 88293.8 63536.9 120717 -178794 -109539 |
000058 |  -120791 -27908.9 42848 231389 49188.4 -94540.5 -59360 -102502 -2886.33 104229 213999 6792.21 47438.9 -100007 -57760.9 -107095 182462 110280 90441 42740.3 -19971.1 -212676 -34516.8 81041.6 62865.8 82207.5 -6759.76 -94625.2 -214281 -11889.4 -58014.5 80646.3 58000.6 116198 -172028 -105154 |
000059 |  -122918 -25394.8 42226.3 234335 47329.2 -93823.2 -56658.3 -102212 -1225.58 103793 214625 4782.98 41999.5 -100057 -55866.5 -105923 178949 108481 89892.9 44717.7 -21695.6 -210196 -34441.4 83034.9 61337.9 81191.6 -4344.53 -94465.3 -212410 -13213.4 -56077 78122.1 55155.2 114880 -170421 -103512 |
000060 |  -125447 -22911.8 41968.5 237868 45183 -93591.5 -55741.8 -106233 343.913 104876 219868 3090.19 39951.8 -103768 -56577 -107840 179607 109295 97049.9 46054.5 -27397.2 -214556 -35731.4 88014.6 61553.4 88118.6 -754.487 -96995.3 -216929 -14830.9 -57844.7 81222.2 55355.3 117126 -174480 -104916 |
000061 |  -127522 -20371.4 41780.1 241109 42713.9 -93518.7 -56152.3 -113502 1903.2 106869 228587 1669.82 41318.6 -110514 -59674.7 -112617 184027 112435 110093 46721 -36503.8 -224199 -38207.9 95587.3 63156.6 101416 3788.34 -101637 -226597 -16721.8 -62838.1 89161.3 58103.8 122419 -183434 -108849 |
000062 |  -128359 -17735 41408.6 243256 39963.9 -93314.6 -56876 -121802 3455.2 108660 238486 524.683 45393.9 -118573 -64223.7 -119347 190689 116917 125309 46522.3 -47475.5 -235788 -41376.7 104489 65055.7 117703 8811.41 -107029 -238520 -18678.4 -69580.4 99724.7 62035.8 129304 -195083 -113950 |
000063 |  -127631 -15069.4 40775.2 243949 37092.3 -92853.7 -56675.5 -128231 4923.72 108966 246569 -295.095 50705.9 -125292 -68642.1 -126409 197104 121125 137595 44990.1 -57877.9 -244617 -44421.1 112589 65542.9 132261 13653.4 -111201 -248495 -20307.6 -75708.4 109336 65065.7 135483 -205844 -118156 |
000064 |  -125456 -12498.4 39958.6 243237 34325.4 -92150.5 -54639.3 -130303 6186.87 106899 250229 -731.919 55447.7 -127952 -71229.2 -131910 200656 123340 142356 41553.5 -65176.7 -246432 -46454.7 117620 62970.7 140588 17647.3 -112283 -252456 -21168.5 -78741 114141 65110.7 138550 -211829 -119406 |
000065 |  -122549 -10205.8 39241.9 241728 31929.8 -91411 -50715.1 -127218 7149.32 102462 248520 -775.978 58185 -124822 -70862.2 -134372 199654 122426 137815 35929.4 -67948.1 -239679 -46951.1 118347 56738.5 140563 20383.4 -109508 -248577 -21014.7 -77319.2 111933 61176.6 137213 -210756 -116713 |
000066 |  -119822 -8363.1 38962.2 240179 30129.4 -90885 -45714 -120291 7766.98 96553.2 242584 -485.79 58664.2 -116172 -67655 -133549 194323 118489 126234 28504 -66770.3 -226715 -46103.3 115462 47842.4 133670 21860.7 -103733 -238485 -19956.9 -72065.5 103600 54026.2 132125 -203395 -110814 |
000067 |  -118191 -7136.54 39435 239331 29087.7 -90813.2 -40969.3 -112516 8035.97 90607.9 235252 41.4953 57877.7 -104115 -62846.8 -130507 186633 112769 112252 20216.4 -63681.9 -212155 -44658.2 111054 38291 123814 22371.8 -96845.5 -226121 -18365.4 -65137 92526.5 45682.3 125446 -192980 -103682 |
000068 |  -118184 -6646.44 40812 239549 28882.8 -91298.1 -37631.6 -106968 7948.3 85895.5 229470 721.79 57456.1 -91596.2 -58126.5 -127029 179289 106974 100475 12184.9 -61019.1 -200506 -43501.7 107471 30130.7 115272 22263.1 -90783.5 -215735 -16641.2 -59042.3 82736 38350.8 119670 -183386 -97456.4 |
000069 |  -119807 -6963.32 43030.4 240737 29514 -92271.2 -36350.1 -105766 7476.78 83198.5 227305 1511.28 58808.6 -81233.5 -54862.1 -124775 174574 102518 93992.3 5393.45 -60511.7 -194701 -43308.3 106443 24750.1 111122 21740.5 -86852.8 -210367 -15030 -55671.1 77272.9 33607.8 116670 -177543 -93653.4 |
000070 |  -122518 -8090.86 45804.1 242335 30903.3 -93490.1 -37249.3 -109675 6587.21 82784.2 229562 2400.76 62698.5 -74824 -53795.5 -124842 173887 100217 94169.9 554.523 -63012.7 -195938 -44416.1 108823 22721.1 112780 20815.4 -85580.1 -211416 -13567.6 -55984.1 77637.6 32194.3 117403 -176902 -92975.7 |
000071 |  -125335 -9941.27 48667.2 243442 32889.3 -94576.3 -40015.5 -118067 5266.7 84482.9 235749 3389.35 69055.3 -73119.9 -54962.1 -127551 177547 100201 100909 -1917.95 -68516 -203968 -46817.4 114615 23920.3 120110 19336.5 -86842.9 -218770 -12111.6 -60031.8 83823 34096.7 121935 -181484 -95406.6 |
000072 |  -127266 -12338.7 51147.1 243226 35255.6 -95169.6 -43906.5 -128873 3552.6 87684.7 243994 4450.08 76994.3 -75766.2 -57765.2 -132413 184791 101977 112430 -2039.67 -75977.9 -216895 -50079.3 122802 27592.2 131370 17048.3 -89925.7 -230745 -10402.9 -66938.1 94363.2 38590.8 129418 -189931 -100252 |
000073 |  -127652 -15058 52910.2 241236 37769.7 -95053.5 -47832.2 -138931 1549.4 91407.9 251368 5506.28 84892.5 -81239.5 -61072.9 -138145 193760 104511 125068 -356.775 -83199 -230994 -53306.3 131215 32398.5 143145 13691 -93557.8 -244008 -8167.21 -74790.6 106331 44202.8 137968 -199474 -106093 |
000074 |  -126449 -17892.3 53882.4 237641 40247.8 -94255.7 -50580.7 -144922 -587.077 94515.9 254770 6438.46 90676.1 -87088.9 -63454.9 -142920 201774 106446 133836 2184.75 -87206.4 -241254 -55320.1 136907 36678.2 150923 9152.52 -96152.4 -254108 -5268.84 -80884.7 115841 48906.9 144894 -206409 -110961 |
000075 |  -124239 -20719.4 54261.4 233203 42607.5 -93049.8 -51262.9 -144803 -2701 96150.8 252336 7132.91 92477.9 -90771.4 -63663 -144999 206167 106579 134539 4753.19 -85575.3 -243476 -55209.7 137450 39085.5 150873 3607.27 -96428.2 -257217 -1846.83 -82719.5 119521 50843.6 147669 -207537 -113038 |
000076 |  -121967 -23521.2 54412.3 229000 44873.1 -91847.3 -49744.9 -138879 -4699.16 96156 244496 7545.38 89495.6 -90895.2 -61212.7 -143584 205523 104427 126378 7207.28 -77995 -236833 -52934.7 132475 39293.4 142017 -2504.2 -94108.1 -252250 1717.2 -79413.4 116354 49324 145328 -201991 -111642 |
000077 |  -120591 -26352.5 54722.3 226067 47135 -91058.3 -46733.5 -129594 -6571.38 95153 233765 7727.5 82451 -87991.8 -56652.1 -139278 200447 100504 112560 10127.1 -66567.5 -224453 -49381.5 123949 38151.3 126940 -8680.61 -90092.4 -241546 5023.08 -72321.3 108276 45268.3 139087 -191824 -107664 |
000078 |  -120727 -29260.5 55452 225066 49471.1 -90950 -43446.8 -120242 -8357.26 94214.7 223466 7796.44 73237.1 -84132.9 -51269.6 -133752 193179 96030.2 98284.4 14253 -54523.6 -211397 -45808.7 114885 37126 110343 -14572.2 -85926.6 -229419 7879.38 -64210 98890.4 40630.1 131531 -180740 -103000 |
000079 |  -122418 -32196.9 56630.5 226066 51861.8 -91550.3 -41141.9 -113631 -10089.9 94402.6 216411 7879.4 64078.7 -81764 -46501.8 -128924 186446 92353.9 88214.3 19918.2 -44688 -202151 -43254.6 107821 37537.9 96834.5 -20020.9 -83068.4 -220002 10347.7 -57820.1 91596.3 37390.8 125225 -172219 -99572.5 |
000080 |  -125223 -35003.2 58088.9 228651 54177.6 -92689.6 -40766.2 -111389 -11756.4 96433.9 214222 8071.35 56808 -82674.1 -43464.9 -126272 182407 90491.6 85128.5 26890 -38709 -199320 -42288.4 104103 40148.9 89591.5 -24966.3 -82479.3 -215990 12626.3 -54939.4 88526 36903.3 121829 -168469 -98698.2 |
000081 |  -128200 -37390.4 59450.3 231913 56157.4 -93992.7 -42764.6 -113854 -13291.8 100518 217230 8417.58 52513.1 -87521.1 -42753.3 -126518 182144 90941.1 90026.8 34595.7 -37150.1 -203787 -43101.4 104036 45107.7 90010.1 -29341.4 -84544.2 -218399 14897.9 -56196.5 90430.5 39729.4 121932 -170301 -100943 |
000082 |  -130191 -39008.3 60248.2 234725 57480.8 -94997.4 -46938 -120087 -14585 106246 224491 8906.1 51470.7 -95823.3 -44422.7 -129610 185598 93674 102142 42301.9 -39569.5 -214768 -45556.8 107028 51970.2 97660.2 -32990.4 -89049.8 -226610 17196.7 -61139.5 96807.8 45639.9 125142 -177256 -106128 |
000083 |  -130195 -39560.4 60083.3 236112 57883 -95308 -52359.1 -127929 -15487.7 112531 233842 9464.89 53119.3 -106034 -47972.4 -134719 191602 98125.5 118728 49154.3 -44519.3 -229619 -49146.7 111616 59645.9 110162 -35610.4 -95084.3 -238277 19312 -68288.6 105852 53544.8 130128 -187548 -113249 |
000084 |  -127797 -38931.8 58799.7 235662 57282.2 -94766.2 -57483.2 -134308 -15833 117734 242184 9970.93 56120 -115742 -52366.9 -140314 198040 103215 134930 54110.2 -49624.8 -243688 -52913 115539 66401 123341 -36747.9 -101013 -249459 20777.6 -75313.7 114470 61495.7 134761 -198073 -120459 |
000085 |  -123291 -37225.4 56529.6 233624 55809.8 -93488.9 -60693.6 -136229 -15478.7 120208 246470 10290.1 58665.6 -122176 -56215.6 -144463 202328 107523 145141 56090 -52351.3 -251621 -55650.1 116455 70244.4 132348 -35942.3 -104857 -255651 21035.3 -79679.8 118989 67129.6 136722 -205102 -125485 |
000086 |  -117737 -34761 53710.7 230950 53798.7 -91880.7 -61107.8 -132173 -14365.8 119092 245080 10338.8 59258.6 -123271 -58309.4 -145592 202484 109815 145659 54413.9 -51237.5 -249954 -56430.8 113117 69813.5 133879 -33010.3 -105198 -253905 19763.4 -79778.8 116786 68695.5 134593 -205901 -126636 |
000087 |  -112499 -31936.1 50888.5 228821 51631.4 -90432.4 -59084.8 -122994 -12563.6 114809 238708 10130 57525.9 -118712 -58235.3 -143284 198172 109657 137104 49332.3 -46818 -239487 -55199.5 106248 65214.9 128057 -28256.7 -102037 -244639 17118.3 -75838.7 107928 66086.6 128757 -200349 -123822 |
000088 |  -108835 -29114.3 48550.1 228242 49619.9 -89556.4 -55997 -111552 -10261.5 108841 230005 9764.95 54421 -110101 -56593.7 -138494 190882 107635 123881 42006.1 -41161.5 -224736 -52786.9 98061.1 57975 118171 -22346.4 -96771.3 -231351 13626.2 -69712.1 95226.3 60899.9 121185 -191005 -118618 |
000089 |  -107568 -26552.4 47002.8 229747 47936.1 -89471.2 -53437.9 -101342 -7713.08 102941 222232 9376.51 51656.7 -100142 -54648.3 -132996 183128 105018 111373 33950.7 -36550 -211127 -50358.5 90945.3 50175.4 108629 -15947.9 -91339.4 -218598 9831.45 -63733.7 82633.4 55453.7 114311 -181516 -113297 |
000090 |  -108876 -24371.3 46305.1 233223 46597.2 -90143.4 -52537.7 -95226.6 -5173.05 98453.6 218026 9070.44 50837.6 -91478.5 -53699.2 -128544 177306 103141 103641 26483.4 -34556.9 -202724 -48865.8 86555.8 43535.3 102952 -9455.01 -87327.1 -210007 6018.66 -59731.9 73541.8 51741.2 110049 -174958 -109804 |
000091 |  -112212 -22564.1 46257.4 237904 45495 -91292.5 -53694.2 -94804.5 -2853.03 96034.2 218814 8894.6 52897.3 -85968.2 -54630.1 -126310 175004 102961 102769 20488.3 -35883.4 -201594 -48819.6 85664.1 39042.8 103040 -2945.06 -85608.3 -207578 2170.24 -58680 69955 50921.2 109451 -173063 -109265 |
000092 |  -116398 -21027.5 46448.1 242485 44450.7 -92450.2 -56622 -100272 -894.719 95668 224705 8832.09 57927.7 -84434.8 -57716.8 -126700 176775 104862 109109 16391.6 -40545.6 -208070 -50286.7 88351.3 36957 109214 3716.29 -86355.7 -211739 -1927.32 -60757.9 72382.9 53254.5 112757 -176159 -111930 |
000093 |  -119993 -19632.1 46399.7 245528 43299.2 -93114.1 -60466.4 -110339 648.465 96747.6 234417 8805.02 65220.9 -86634.8 -62586.9 -129357 182134 108593 121309 14119.9 -47907.5 -220794 -52871.3 94044.6 36888.5 120325 10707.1 -89116.6 -221455 -6518.29 -65386.9 79857.5 58105.3 119419 -183221 -117177 |
000094 |  -121868 -18302.5 45772.1 246019 41970.8 -92953 -63970.2 -122290 1809.33 98207.7 245334 8691.99 73371.3 -91255.6 -68230.5 -133213 189576 113269 135965 13022.6 -56509.6 -236367 -55661.8 101341 37828.2 133662 18050.2 -92832.5 -234123 -11680.7 -71120.2 89922.7 63904.3 127980 -191856 -123464 |
000095 |  -121643 -17046.1 44510.7 243763 40525 -91943 -65738.4 -132459 2669.58 98777.4 253945 8366.95 80498.5 -96102.3 -73139.8 -136680 196759 117486 147775 12000 -64055.2 -249498 -57357.5 107992 38324.5 145175 25422.3 -95991.3 -245785 -17144.6 -75736.9 99048.5 68387.5 136148 -198703 -128552 |
000096 |  -119857 -15964.7 42890.5 239516 39138.4 -90402.2 -64754.7 -137570 3293.77 97489 257156 7763.11 84769.1 -98771.5 -75750.1 -138143 201154 119752 151360 10051.7 -68102.9 -254802 -56807.7 111585 37015.3 150667 32113.7 -97125.4 -252290 -22265.8 -76873.1 103809 69355.6 141406 -200572 -130233 |
000097 |  -117668 -15205.9 41395.2 234637 38038.1 -88858.2 -60872.5 -136338 3676.76 94172.8 253851 6918.32 85175.2 -97812.3 -75157.3 -136732 201191 119198 144331 7003.12 -67378.7 -249849 -53739.1 110849 33378.2 147822 37292 -95544.1 -251292 -26293.8 -73280.9 102652 65876.5 142253 -196171 -127517 |
000098 |  -116353 -14905.9 40540.8 230572 37434.6 -87866.1 -54909.3 -130141 3750.75 89561.2 245557 5959.7 81994.6 -93537.2 -71587.7 -132784 197059 116041 129037 3742.69 -62646 -236888 -48995.4 106514 28158.9 137605 40431.4 -91756.1 -243630 -28804.1 -65755.9 96798.5 58942.6 139124 -186988 -121276 |
000099 |  -116851 -15146.7 40710.6 228391 37470.7 -87844.5 -48242.1 -122169 3447.04 84895.6 235581 5036.25 76602.9 -87860.2 -66264.4 -127659 190571 111462 111015 1638.27 -56186.7 -221306 -43980.8 100795 23045.4 123721 41545.9 -87169.1 -232792 -29919.3 -56794.3 89343.1 50890.9 134071 -176376 -113673 |
000100 |  -119476 -15931 42054.2 228523 38196.4 -88980.8 -42234.6 -115806 2754.76 81365.9 227406 4256.53 70784.8 -83276.4 -60776.1 -123053 184186 106987 95877.8 1734.96 -50487.8 -208529 -39897 96081 19852.7 110606 41042.4 -83337.7 -222933 -30135.3 -49360.2 83527.4 44183.7 129587 -167813 -106980 |
