000000 |  0.447955 -15.8964 -13.1472 45.6958 71.9757 187.9 -48.6018 -40.0863 -144.959 32.2371 10.1815 6.43959 -5.20734 -58.7321 -3.60829 0.176369 -12.9401 -12.2606 5.61111 32.6656 4.12209 -29.4766 6.00311 -19.688 -4.13522 7.63254 1.02379 -2.78435 -3.36507 -6.54189 2.53802 -3.55487 2.32477 2.39036 5.13019 3.97391 1.1087 0.986294 -5.57902 |
000001 |  2.0699 -17.2681 -11.1833 42.7595 71.2767 180.711 -47.2411 -38.7962 -140.641 30.0559 10.0945 6.87156 -6.29519 -59.0991 -7.29718 -0.968349 -8.92482 -10.082 5.53198 29.4269 6.13236 -26.2872 6.23576 -19.8075 -3.61318 7.96356 1.05472 -1.81547 -3.42445 -7.39667 2.29372 -3.78365 2.42039 2.15294 5.43018 4.16807 1.3566 0.86889 -4.95032 |
000002 |  6.81023 -21.2343 -5.39414 34.1973 69.1038 159.576 -43.2464 -34.9983 -127.959 23.6532 9.95928 8.03054 -9.07795 -59.6652 -16.8238 -3.81904 1.41759 -4.44596 5.31234 20.9667 11.1435 -17.8576 6.7976 -19.7558 -2.10677 8.86848 1.19791 1.05129 -3.57461 -9.63241 1.60293 -4.39652 2.65995 1.47183 6.21921 4.67952 2.00868 0.536253 -3.27644 |
000003 |  14.2981 -27.358 3.91141 20.7359 65.2547 125.793 -36.883 -28.9124 -107.732 13.4408 10.1088 9.56203 -12.253 -59.2735 -28.4728 -7.01036 14.0463 2.48835 5.01334 10.3555 16.7345 -7.07606 7.36455 -18.6085 0.210031 10.1068 1.58401 5.69219 -3.73729 -12.3671 0.58091 -5.1974 2.91892 0.433718 7.20113 5.31833 2.81731 0.0407445 -1.13067 |
000004 |  23.9371 -34.9521 16.2131 3.54666 59.4766 81.5518 -28.6047 -20.9137 -81.353 0.0687831 10.9674 11.0104 -14.139 -56.934 -38.1442 -9.13335 24.6632 8.36232 4.74806 1.0257 20.3885 2.62096 7.6092 -15.5621 3.0652 11.3464 2.37314 11.8854 -3.80003 -14.4514 -0.61347 -5.93284 3.04153 -0.838259 7.9935 5.83812 3.45655 -0.549251 0.731678 |
000005 |  34.9366 -43.1507 30.7619 -15.7987 51.576 29.977 -19.0721 -11.5367 -50.8184 -15.6253 12.9077 11.9196 -13.2989 -52.2297 -42.6928 -9.23205 30.1751 11.3906 4.66476 -4.41484 20.4952 8.41343 7.35851 -10.4098 6.11989 12.2444 3.69329 19.2875 -3.63926 -14.8551 -1.81654 -6.37502 2.89777 -2.21181 8.25402 6.0169 3.63327 -1.16952 1.62385 |
000006 |  46.3477 -50.9906 46.5554 -35.3658 41.5132 -24.8149 -9.17544 -1.46079 -18.7583 -32.6835 16.1263 11.8933 -9.07654 -45.2961 -40.573 -6.96053 29.2454 10.7003 4.88916 -4.80235 16.7476 8.86795 6.65837 -3.64036 9.01558 12.5302 5.58681 27.4137 -3.14642 -13.0273 -2.89647 -6.39344 2.43003 -3.57393 7.79058 5.72814 3.19808 -1.77437 1.17226 |
000007 |  57.0997 -57.4846 62.3265 -52.9029 29.4272 -77.7645 -0.0395566 8.54502 11.6097 -50.1078 20.572 10.6285 -1.84865 -36.664 -32.1216 -2.58071 22.377 6.46024 5.42768 -0.625961 10.0898 4.29113 5.74429 3.77719 11.4316 12.0731 7.97863 35.6519 -2.25623 -9.09452 -3.77852 -5.99402 1.67415 -4.85425 6.62443 4.98104 2.21041 -2.33828 -0.545224 |
000008 |  66.0667 -61.6969 76.5967 -65.9691 15.574 -123.197 7.03371 17.7349 36.7102 -66.9446 25.9516 7.94417 7.09478 -27.1779 -19.6582 3.06466 11.8332 -0.0433287 6.0552 6.06399 2.37918 -3.30363 4.94012 10.7749 13.1401 10.9196 10.6737 43.3265 -0.970221 -3.81766 -4.45307 -5.31626 0.750336 -6.03663 4.99028 3.91888 0.925482 -2.84648 -3.03172 |
000009 |  72.1899 -62.8378 87.8427 -72.2242 0.196356 -155.585 10.7327 25.5469 53.1173 -82.3653 31.8072 3.81646 16.1022 -18.0073 -7.17637 8.62365 1.27358 -6.4758 6.25657 12.1815 -4.22076 -10.7498 4.51002 16.5849 14.0451 9.29397 13.3805 49.7959 0.636574 1.66736 -4.9635 -4.58993 -0.171748 -7.15326 3.27215 2.77535 -0.289973 -3.28322 -5.55448 |
000010 |  74.6693 -60.3958 94.7955 -69.9052 -16.5911 -170.717 10.0188 31.7564 58.3039 -95.7275 37.635 -1.59046 23.9951 -10.5459 0.823554 12.4939 -5.29865 -9.98925 5.34133 14.728 -8.05175 -14.9041 4.5185 20.9688 14.1906 7.55978 15.7547 54.5386 2.43274 6.21484 -5.3766 -4.06318 -0.921838 -8.25956 1.89052 1.80157 -1.0747 -3.62623 -7.39275 |
000011 |  73.1689 -54.2833 96.7815 -58.3475 -34.7977 -166.858 4.43544 36.532 51.3619 -106.602 42.9919 -7.94014 30.6504 -5.90978 1.4122 13.3999 -5.3593 -8.44697 2.78987 12.2214 -8.65534 -14.1031 4.79519 24.1229 13.7305 6.14175 17.4557 57.2004 4.27008 9.0154 -5.74669 -3.92594 -1.37549 -9.39591 1.17398 1.18733 -1.1803 -3.85033 -8.06134 |
000012 |  67.9214 -44.9111 93.9175 -38.2573 -54.4056 -145.247 -5.72555 40.3321 33.2759 -114.746 47.5514 -14.8006 36.808 -4.26326 -4.95451 11.0668 0.618586 -1.75524 -1.35616 5.49972 -6.85803 -9.00175 5.05534 26.3239 12.8644 5.42368 18.2037 57.6031 6.02803 9.82573 -6.08665 -4.25079 -1.48554 -10.5511 1.25812 1.00349 -0.539233 -3.93616 -7.44911 |
000013 |  59.6717 -33.136 87.0519 -11.5665 -75.153 -109.614 -19.5016 43.6883 6.56825 -120.03 51.1313 -21.7451 43.3044 -4.81671 -14.5473 6.41286 9.47794 7.93158 -6.38299 -2.75728 -4.1813 -2.11681 5.08108 27.6356 11.7616 5.64269 17.8269 55.7303 7.6425 9.02344 -6.35849 -4.97043 -1.29048 -11.645 2.04785 1.18599 0.7205 -3.87827 -5.84504 |
000014 |  49.5048 -20.1046 77.5148 19.0247 -96.3917 -65.0669 -35.5182 47.0011 -25.4407 -122.361 53.7318 -28.4369 50.4316 -6.52466 -22.3254 1.08457 17.229 17.3385 -11.1652 -9.33315 -2.0805 3.50105 4.81373 27.9067 10.5006 6.80389 16.298 51.7116 9.10518 7.48064 -6.48694 -5.89864 -0.898442 -12.5409 3.25675 1.56635 2.31366 -3.68877 -3.85596 |
000015 |  38.6578 -7.07906 66.8333 50.5536 -117.076 -16.9817 -52.279 50.4344 -59.3518 -121.65 55.5458 -34.6831 57.7215 -8.61848 -24.0769 -3.21924 20.757 23.4623 -14.5998 -11.6982 -1.47382 5.55392 4.32106 26.9769 9.05408 8.65377 13.7531 45.7983 10.4369 6.28231 -6.3904 -6.7881 -0.452599 -13.085 4.50662 1.93491 3.88481 -3.39539 -2.22306 |
000016 |  28.3753 4.70618 56.5148 80.1777 -135.878 29.7314 -68.382 53.9209 -92.149 -117.839 56.9145 -40.4468 64.0706 -10.6069 -17.656 -5.25151 18.5818 24.4461 -15.9901 -8.73061 -2.60817 3.236 3.70369 24.8706 7.3266 10.7294 10.4851 38.3283 11.6514 6.37007 -6.01587 -7.40528 -0.0885708 -13.1562 5.44859 2.11213 5.12037 -3.03528 -1.58165 |
000017 |  19.8046 14.1563 47.9056 105.407 -151.371 70.9748 -82.6351 57.2328 -121.388 -110.966 58.2231 -45.8055 68.092 -12.0409 -3.41037 -4.52062 10.9742 19.9733 -15.2875 -1.00951 -5.09971 -2.57836 3.01338 21.8566 5.22435 12.4755 6.90161 29.6819 12.7263 8.21907 -5.3647 -7.59799 0.104344 -12.7071 5.86482 2.00383 5.84905 -2.64671 -2.23593 |
000018 |  13.9068 20.4112 42.0887 124.258 -162.245 103.601 -94.1114 60.0737 -145.232 -101.243 59.7724 -50.8589 68.6632 -12.3966 15.8302 -1.48044 -0.159278 11.437 -13.1508 9.20717 -8.04026 -9.6215 2.2234 18.3695 2.72518 13.394 3.44725 20.2526 13.5932 11.6647 -4.50286 -7.33902 0.11003 -11.7828 5.72632 1.62763 6.08745 -2.26165 -4.04396 |
000019 |  11.3691 22.9278 39.8006 135.363 -167.508 125.465 -102.17 62.163 -162.433 -89.116 61.6689 -55.6208 65.5788 -11.2696 35.1622 2.43642 -11.5758 1.88289 -10.7524 18.4351 -10.1897 -15.0175 1.27204 14.8481 -0.0812538 13.1808 0.506113 10.4389 14.1463 15.9453 -3.5514 -6.73078 -0.00893217 -10.5112 5.1922 1.10446 6.01435 -1.90181 -6.46255 |
000020 |  12.5296 21.5257 41.3753 138.06 -166.635 135.451 -106.465 63.297 -172.288 -75.2778 63.7637 -59.9484 59.8982 -8.79809 48.8263 5.19274 -19.4852 -4.66865 -9.27222 23.087 -10.3462 -16.4798 0.160848 11.5889 -2.99325 11.8111 -1.69136 0.64854 14.2682 19.9454 -2.66021 -5.96991 -0.129493 -9.06905 4.5528 0.619655 5.8884 -1.57836 -8.73477 |
000021 |  17.3415 16.3708 46.7354 132.405 -159.615 133.426 -106.93 63.3806 -174.591 -60.6207 65.6547 -63.5616 53.403 -5.83322 52.5527 5.14533 -21.0706 -4.9285 -9.24775 21.1126 -7.88004 -13.4032 -0.970634 8.70576 -5.73147 9.5505 -3.12421 -8.70074 13.8654 22.5507 -1.97303 -5.28442 -0.105315 -7.63419 4.13386 0.365958 5.946 -1.29489 -10.1451 |
000022 |  25.4011 7.89619 55.4364 119.101 -146.907 120.131 -103.75 62.431 -169.577 -46.1292 66.7477 -66.1379 47.3746 -3.4691 45.978 2.17866 -16.0411 1.6469 -10.2634 13.1492 -3.12785 -7.11443 -1.8795 6.21159 -7.98781 6.89298 -3.97914 -17.1971 12.9063 22.9994 -1.59035 -4.85779 0.183534 -6.33959 4.18298 0.48126 6.31725 -1.05189 -10.2469 |
000023 |  36.029 -3.28567 66.7483 99.3518 -129.345 97.0073 -97.3132 60.5635 -157.835 -32.7554 66.3865 -67.4057 42.0145 -2.42165 32.8849 -2.1582 -6.75458 12.4317 -11.2868 2.15728 2.70078 -0.141256 -2.34436 4.13802 -9.47482 4.43777 -4.57738 -24.453 11.447 21.1184 -1.54422 -4.76913 0.786524 -5.2457 4.77954 1.00222 6.97732 -0.851155 -8.99992 |
000024 |  48.3765 -16.4474 79.7564 74.7013 -108.027 66.0022 -88.1559 57.9679 -140.249 -21.3187 64.0283 -67.2077 36.981 -2.86203 18.9444 -5.68858 3.22234 23.2631 -11.3334 -8.1027 8.03481 4.91426 -2.27875 2.59835 -9.96887 2.73363 -5.24403 -30.1149 9.63403 17.3803 -1.7923 -4.96916 1.65882 -4.34016 5.80002 1.84854 7.73975 -0.698956 -6.78582 |
000025 |  61.5177 -30.7886 93.4493 46.8855 -84.2125 29.4285 -76.923 54.8778 -117.949 -12.4407 59.4081 -65.5638 32.0401 -4.51343 9.16153 -6.73066 10.6696 30.4111 -9.93127 -14.5341 11.4939 6.2959 -1.76426 1.75316 -9.34516 2.13191 -6.1637 -33.8659 7.67948 12.7614 -2.23341 -5.3023 2.66865 -3.5629 6.9548 2.84461 8.29387 -0.606519 -4.29563 |
000026 |  74.5124 -45.4668 106.779 17.7406 -59.222 -10.1085 -64.3436 51.5343 -92.3077 -6.50662 52.6339 -62.7263 27.1555 -6.75497 6.49573 -4.6024 13.5353 31.6554 -7.22079 -15.5012 12.2576 3.60534 -0.996975 1.70805 -7.60303 2.69372 -7.28199 -35.4429 5.8124 8.42726 -2.73753 -5.5647 3.63446 -2.84354 7.88394 3.772 8.28662 -0.586887 -2.30495 |
000027 |  86.438 -59.6161 118.69 -10.8476 -34.3546 -49.7172 -51.2199 48.1469 -64.9684 -3.64995 44.176 -59.1635 22.2429 -8.80275 11.4617 0.367504 11.2301 26.6021 -3.80116 -11.0677 10.2438 -2.09249 -0.174039 2.40456 -4.87511 4.18866 -8.30429 -34.6826 4.22128 5.33433 -3.18058 -5.57632 4.38038 -2.13502 8.27612 4.43495 7.43599 -0.647548 -1.39843 |
000028 |  96.4068 -72.3585 128.132 -36.979 -10.8145 -86.2187 -38.4136 44.8543 -37.8597 -3.76137 34.7667 -55.4532 17.0191 -10.0644 22.1469 7.02909 4.76838 16.6915 -0.460454 -2.91243 6.14154 -8.57539 0.632219 3.55749 -1.41766 6.1757 -8.78968 -31.5784 3.00231 3.88874 -3.47561 -5.24571 4.79409 -1.43368 7.97728 4.72088 5.64021 -0.781386 -1.7519 |
000029 |  103.585 -82.8186 134.087 -58.7954 10.3518 -116.218 -26.8109 41.6892 -13.1541 -6.52776 25.2444 -52.1227 11.1654 -10.6023 34.5121 13.702 -3.20648 4.99492 2.13228 6.04733 1.28085 -13.2209 1.54123 4.68656 2.42358 8.1357 -8.30219 -26.328 2.13303 3.80258 -3.58829 -4.59886 4.86091 -0.779268 7.04302 4.63047 3.04225 -0.959442 -3.05894 |
000030 |  107.24 -90.1679 135.639 -74.6013 28.3163 -136.339 -17.2501 38.5598 6.88574 -11.5007 16.3906 -49.5127 4.73877 -11.3578 43.3517 18.6213 -8.90016 -4.50619 3.68813 12.4567 -2.73224 -14.1129 2.79051 5.26797 6.26795 9.60512 -6.55591 -19.3231 1.47818 4.20645 -3.53697 -3.7717 4.66776 -0.241753 5.73123 4.27397 0.010853 -1.13089 -4.64725 |
000031 |  106.82 -93.7093 132.106 -83.0612 42.5135 -143.688 -10.4088 35.2626 20.2095 -18.1822 8.78878 -47.7247 -1.54363 -13.6129 44.2701 20.5401 -8.85504 -8.46929 4.37754 13.7464 -4.60803 -10.9893 4.52422 4.96244 9.76521 10.2778 -3.50687 -11.0847 0.835416 3.96822 -3.37606 -2.9677 4.37395 0.101073 4.42811 3.83148 -2.95779 -1.232 -5.72465 |
000032 |  102.051 -92.9857 123.197 -83.4266 52.6438 -136.455 -6.68055 31.5419 25.3769 -26.1071 2.73437 -46.6478 -6.4332 -17.7638 35.9546 19.2123 -2.01831 -5.98718 4.6339 9.25259 -3.93597 -5.37809 6.59394 3.77847 12.6566 10.0599 0.629142 -2.1676 0.00984918 2.08637 -3.16874 -2.39624 4.15967 0.188176 3.5298 3.49089 -5.38057 -1.20207 -5.64744 |
000033 |  93.0234 -87.8684 109.149 -75.7181 58.631 -114.457 -6.08431 27.1832 21.9244 -34.891 -1.76638 -45.9958 -8.54891 -22.7045 20.8145 15.3638 9.43947 0.956582 4.814 0.468868 -1.32842 0.178872 8.54259 2.05324 14.8146 9.07624 5.42649 6.93186 -1.1051 -1.97273 -2.95733 -2.20911 4.16726 -0.00339961 3.31366 3.38333 -6.92345 -1.00147 -4.12102 |
000034 |  80.2134 -78.5863 90.7576 -60.7737 60.5581 -79.3704 -8.25109 22.1087 10.5387 -44.2258 -4.91275 -45.3329 -6.85074 -26.5957 3.35916 10.2331 21.4622 8.85313 4.99882 -9.73697 1.95581 3.24827 9.77618 0.276736 16.2495 7.63329 10.344 15.8453 -2.4694 -8.08599 -2.7438 -2.4565 4.456 -0.446451 3.84594 3.53944 -7.49676 -0.626819 -1.29129 |
000035 |  64.454 -65.7165 69.2902 -40.1455 58.6486 -34.5097 -12.4995 16.4231 -7.05925 -53.8279 -7.00275 -44.1324 -1.17535 -28.0398 -11.9784 5.13645 30.1523 14.4161 5.04241 -18.2998 4.59292 2.40945 9.80992 -1.12758 17.0771 6.14431 14.8326 24.3615 -3.8834 -15.4766 -2.48736 -3.07534 4.98424 -1.06395 4.95945 3.88233 -7.2813 -0.120068 2.28548 |
000036 |  46.8695 -50.1799 46.3256 -15.9156 53.341 15.7233 -17.9655 10.3903 -28.4572 -63.359 -8.35278 -41.8766 7.37147 -26.6881 -22.11 1.22754 33.0347 15.5502 4.73885 -22.8548 5.63551 -2.28716 8.475 -1.97665 17.4532 5.03243 18.425 32.3993 -5.02835 -22.909 -2.12063 -3.91233 5.62484 -1.7426 6.31123 4.25958 -6.66939 0.43151 5.78533 |
000037 |  28.8054 -33.2387 23.5858 9.49175 45.4177 66.4641 -23.7294 4.36121 -50.9551 -72.35 -9.24597 -38.1411 16.4646 -23.3008 -25.6988 -0.676947 29.4598 11.6266 3.95449 -22.1907 4.72332 -9.3196 6.0238 -2.41342 17.4972 4.6321 20.7871 39.9216 -5.54714 -29.0341 -1.57894 -4.77398 6.20949 -2.35635 7.49569 4.50045 -6.1238 0.906947 8.34567 |
000038 |  11.763 -16.4759 2.80181 33.468 36.1086 112.897 -28.9084 -1.30985 -71.8989 -80.1667 -9.9038 -32.6259 23.2437 -19.5369 -23.2675 -0.336633 20.6032 3.51066 2.67415 -16.4143 2.12375 -16.1676 3.09349 -2.86657 17.2366 5.11591 21.7271 46.8123 -5.14334 -32.7869 -0.831606 -5.48489 6.58519 -2.79391 8.17172 4.47654 -5.99294 1.17613 9.32361 |
000039 |  -2.68917 -1.70611 -14.4037 53.3918 27.0701 150.636 -32.7215 -6.32607 -88.9177 -86.0482 -10.4665 -25.1467 25.609 -17.5054 -17.2755 1.61099 9.25091 -6.49192 0.980659 -6.96547 -1.34112 -20.2639 0.502307 -3.8437 16.596 6.45788 21.184 52.7777 -3.67086 -33.7072 0.0956818 -5.93589 6.66394 -2.98322 8.16127 4.14496 -6.35588 1.13377 8.49908 |
000040 |  -13.0674 9.23631 -26.6519 66.881 20.155 176.037 -34.5457 -10.469 -100.09 -89.2233 -10.9716 -15.6332 23.6067 -18.9316 -11.9078 3.50658 -0.832803 -14.9799 -0.98832 3.53137 -4.4816 -20.1748 -1.08137 -5.59818 15.4301 8.43689 19.2156 57.3479 -1.19287 -32.0585 1.11403 -6.10883 6.44994 -2.90814 7.49676 3.56288 -6.97865 0.731739 6.13567 |
000041 |  -18.1935 14.8176 -32.9683 72.1398 16.991 186.521 -33.9853 -13.5836 -104.089 -89.0675 -11.3299 -4.17278 19.7001 -23.9777 -11.8881 3.14458 -6.27454 -18.524 -3.06442 11.7678 -6.07448 -16.3149 -1.42847 -7.88301 13.5835 10.6755 15.9962 59.991 2.01 -28.6981 2.08428 -6.06886 6.03323 -2.61225 6.40507 2.86943 -7.40534 -0.00396677 2.87746 |
000042 |  -17.4347 14.1483 -32.9294 68.3167 18.5092 180.873 -30.9404 -15.5509 -100.313 -85.2506 -11.312 8.90949 17.1396 -30.4756 -20.1906 -0.9287 -5.81013 -15.3926 -5.04789 14.7718 -5.31296 -10.6166 -0.808296 -10.0246 10.954 12.7097 11.811 60.291 5.4918 -24.7556 2.84505 -5.93122 5.55538 -2.18862 5.23753 2.24256 -7.1389 -0.98026 -0.472462 |
000043 |  -10.8636 7.21624 -26.723 55.7225 24.6439 159.431 -25.6448 -16.2774 -88.9686 -77.8336 -10.5635 22.9983 17.6735 -34.7913 -36.1735 -8.19268 -0.9165 -6.68404 -6.72238 11.1879 -2.19288 -5.44408 0.19755 -11.2755 7.5347 14.0746 7.0363 58.1046 8.74335 -21.2491 3.248 -5.81306 5.15929 -1.75725 4.36374 1.84329 -5.82499 -2.06538 -3.20127 |
000044 |  0.751301 -5.10277 -15.0831 35.7837 34.3735 124.082 -18.6413 -15.7202 -71.0666 -67.2919 -8.67943 37.2192 20.7072 -34.0631 -55.8923 -16.2924 5.40871 4.32259 -7.90057 1.94065 2.42567 -2.56269 0.989048 -11.1575 3.433 14.3938 2.10088 53.6213 11.3189 -18.7743 3.19071 -5.78491 4.93882 -1.43378 4.0533 1.76264 -3.36458 -3.12756 -4.87847 |
000045 |  16.1191 -21.2718 0.849884 10.7551 46.0813 78.0888 -10.7006 -13.9394 -48.3536 -54.4547 -5.34046 50.5365 24.0743 -27.6739 -74.0549 -22.3099 10.4096 13.8414 -8.4634 -10.3426 7.15756 -2.61333 1.19826 -9.59679 -1.13446 13.4581 -2.56504 47.3248 12.946 -17.3487 2.6365 -5.84218 4.90799 -1.30057 4.3888 1.99102 0.0672191 -4.07167 -5.45414 |
000046 |  33.6704 -39.4432 19.677 -16.6676 58.0401 25.8131 -2.71432 -11.1503 -23.1992 -40.3808 -0.459707 61.8677 25.1629 -16.9814 -85.9317 -23.9685 12.5076 18.8865 -8.37183 -22.6592 10.5961 -5.0589 0.815427 -6.85826 -5.86432 11.2761 -6.58646 39.8752 13.5807 -16.4396 1.6183 -5.90515 4.99783 -1.38858 5.23981 2.41995 4.08806 -4.86062 -5.24291 |
000047 |  51.7772 -57.7762 39.8726 -43.7061 68.8068 -27.604 4.41297 -7.73937 1.55509 -26.2113 5.73215 70.2116 21.781 -4.28309 -88.5421 -20.2554 11.4124 17.8956 -7.663 -32.7583 11.6899 -8.46914 0.176355 -3.3682 -10.4019 8.09062 -9.70269 31.9569 13.3884 -15.1683 0.227624 -5.84628 5.08049 -1.67569 6.30788 2.87537 8.22682 -5.51145 -4.79543 |
000048 |  68.9084 -74.6308 59.9245 -67.7821 77.4072 -76.6724 9.86493 -4.21922 22.8299 -13.0324 12.7039 74.7916 12.9162 8.03884 -81.3178 -11.645 7.95133 11.038 -6.43135 -39.6972 9.87851 -11.0993 -0.18886 0.485375 -14.3852 4.35306 -11.8139 24.1492 12.6568 -12.6348 -1.40804 -5.5354 5.01289 -2.10052 7.22652 3.17061 12.0452 -6.06624 -4.69249 |
000049 |  83.7308 -88.6197 78.523 -86.7457 83.2986 -116.171 13.0124 -1.11789 37.6861 -1.77281 19.7404 75.1992 -0.551993 18.0091 -66.4061 -0.106809 3.86878 0.429711 -4.77887 -43.9399 4.99776 -11.6388 0.183075 4.47722 -17.4887 0.65846 -12.9969 16.8599 11.676 -8.25804 -3.15329 -4.88706 4.68461 -2.58705 7.6794 3.15982 15.221 -6.54922 -5.32569 |
000050 |  95.173 -98.5318 94.8487 -99.0715 86.1949 -141.955 13.5006 1.17125 43.8405 6.85634 26.1276 71.4987 -15.6401 24.4214 -48.3351 11.2129 1.47824 -9.9891 -2.71513 -47.2326 -3.02506 -9.80424 1.42455 8.52086 -19.4579 -2.3549 -13.4766 10.3364 10.6321 -2.00514 -4.89154 -3.89509 4.05378 -3.07191 7.49762 2.77369 17.573 -6.93328 -6.75021 |
000051 |  102.446 -103.09 109.015 -104.003 85.8801 -151.763 11.298 2.51667 40.1798 12.3869 31.3505 64.2255 -28.2305 27.3813 -32.4312 18.9465 2.85805 -15.584 0.0018778 -52.4771 -14.7133 -6.41642 3.228 12.525 -20.1299 -4.13217 -13.5497 4.73124 9.55676 5.5833 -6.54391 -2.64458 3.15975 -3.52659 6.70862 2.02751 19.0396 -7.13639 -8.67423 |
000052 |  104.966 -100.327 122.822 -101.585 82.1255 -145.656 6.67803 3.08544 27.0397 14.6064 35.2329 54.2325 -35.1938 28.9847 -21.9386 21.0531 8.66115 -13.4114 4.07026 -63.921 -31.9738 -2.91923 4.97257 16.2631 -19.4424 -4.33385 -13.4807 0.16986 8.34509 13.5765 -8.07473 -1.29824 2.10975 -3.9676 5.52461 1.00248 19.6387 -7.05213 -10.5852 |
000053 |  102.085 -85.8837 141.452 -92.5681 74.7501 -125.875 0.140402 3.26642 6.09956 13.5687 37.9746 42.4564 -36.1718 33.3186 -15.7166 17.9081 17.5093 -4.26369 10.9068 -88.433 -59.9782 -0.710519 5.98416 19.3698 -17.4415 -2.93395 -13.4033 -3.22054 6.83446 20.9513 -9.48199 -0.0621228 1.04722 -4.44918 4.27443 -0.18879 19.4344 -6.59931 -11.9509 |
000054 |  92.4328 -48.0873 178.154 -78.2141 63.7555 -96.195 -7.68936 3.52333 -20.0405 9.59234 40.0866 29.7618 -33.5184 45.1282 -8.88023 11.8449 26.7861 7.81411 23.1239 -140.037 -111.94 -0.64059 5.78244 21.4572 -14.2935 -0.24086 -13.2747 -5.33475 4.9091 26.8796 -10.7748 0.860917 0.113449 -5.03886 3.29825 -1.43728 18.5105 -5.76563 -12.4123 |
000055 |  72.4755 47.3927 268.998 -60.1023 49.454 -61.1386 -16.1392 4.25012 -48.3779 3.24282 42.2477 16.9135 -30.9788 68.0843 4.37177 5.75777 34.0506 17.9113 45.716 -255.016 -223.8 -2.75715 4.24829 22.2549 -10.2917 3.16829 -12.9014 -6.14188 2.59186 30.9141 -11.9452 1.31675 -0.584855 -5.78333 2.83824 -2.65978 16.9475 -4.62723 -11.9014 |
000056 |  33.6517 310.519 524.331 -39.9905 32.5347 -25.3576 -24.5348 5.67585 -75.9334 -4.70756 45.1096 4.62015 -32.4743 103.868 28.2558 2.02597 37.905 22.2841 88.7046 -544.83 -505.458 -6.28235 1.69217 21.7036 -5.83851 6.58164 -12.0279 -5.73111 0.0870056 33.0332 -12.9467 1.23111 -0.99258 -6.67835 2.96356 -3.80309 14.802 -3.33793 -10.655 |
000057 |  -38.8528 1126.52 1325.22 -19.7771 14.0578 6.64388 -32.2174 7.82946 -100.013 -13.3498 49.1096 -6.41121 -41.2263 151.98 64.0785 2.00927 38.1481 19.2691 168.223 -1395.6 -1336.79 -9.84004 -1.19911 19.9677 -1.39622 9.3131 -10.4466 -4.32371 -2.24567 33.5448 -13.6879 0.618484 -1.10361 -7.65631 3.55702 -4.83378 12.0957 -2.09351 -9.12293 |
000058 |  -116.961 3893.25 4073.46 -1.62083 -4.55371 30.4115 -38.5512 10.5462 -118.346 -21.7498 54.3483 -15.4431 -58.7113 209.376 109.37 5.74473 35.5492 9.55021 257.276 -4204.67 -4116.7 -11.9464 -3.57419 17.3617 2.58762 10.8501 -8.08246 -2.25142 -3.9845 32.8837 -14.046 -0.430471 -0.942058 -8.59856 4.36869 -5.72219 8.82864 -1.0811 -7.79963 |
000059 |  295.439 12527.6 12933.1 11.7525 -21.3535 41.2861 -42.9383 13.4853 -129.187 -29.1086 60.5888 -21.7247 -83.1859 268.758 156.489 11.6389 31.4292 -3.88025 -139.569 -12884.8 -13002.6 -11.6357 -4.78243 14.2271 5.76539 10.9619 -5.02918 0.0809203 -4.77436 31.3743 -13.8934 -1.77569 -0.535895 -9.36788 5.11189 -6.42944 5.02197 -0.428299 -7.03149 |
000060 |  2729.19 26203.1 28240.9 17.1764 -33.6023 35.2295 -44.8562 16.1476 -131.469 -34.9423 67.4151 -24.5834 -108.684 315.876 191.102 16.4188 27.0902 -16.3138 -2553.42 -26598.7 -28319.5 -8.87828 -4.76346 10.8253 7.95909 9.74243 -1.52841 2.23748 -4.44836 29.0519 -13.1292 -3.2597 0.107851 -9.84989 5.56943 -6.89963 0.779882 -0.168191 -6.8776 |
000061 |  4346.67 21717.7 25316.6 13.5736 -39.0874 12.7188 -44.0225 18.0424 -125.056 -39.1284 74.2825 -23.5655 -127.603 336.213 198.039 16.2492 23.279 -23.012 -4148.81 -22131.5 -25377.7 -4.55822 -4.08891 7.36434 9.19366 7.59031 2.07041 3.79033 -3.09684 25.623 -11.705 -4.73399 1.01132 -9.98557 5.66773 -7.05814 -3.65866 -0.234208 -7.08229 |
000062 |  2468.21 8275.17 10622.6 3.72842 -38.3814 -20.4705 -40.6684 19.0559 -110.948 -41.644 80.0484 -18.5899 -136.249 334.51 178.009 9.29944 20.0617 -21.6389 -2249.19 -8690.2 -10647.3 -0.189998 -3.26932 4.19528 9.67694 5.12817 5.34236 4.35099 -1.05299 20.5898 -9.63653 -6.0741 2.2094 -9.78061 5.49262 -6.81593 -7.91294 -0.489228 -7.17531 |
000063 |  1027.54 2589.46 3728.47 -9.83367 -32.8258 -59.928 -35.3867 19.3493 -90.9401 -42.4453 83.1536 -10.0172 -135.172 325.653 144.677 -2.68149 17.1221 -13.8057 -790.271 -3001.12 -3712.48 2.73302 -2.35393 1.6991 9.72722 3.06266 7.85744 3.58241 1.18921 13.464 -6.98795 -7.17843 3.72528 -9.28456 5.24684 -6.07825 -11.5215 -0.763186 -6.64793 |
000064 |  479.505 923.67 1561.54 -25.8799 -23.1679 -102.939 -28.8217 19.0596 -67.1599 -41.574 82.4533 1.45799 -127.103 316.596 110.473 -15.4454 14.2621 -3.87892 -228.555 -1333.13 -1508.43 3.44353 -1.16845 0.0249551 9.65957 2.01011 9.27999 1.22791 3.10392 3.99546 -3.84995 -7.95417 5.5387 -8.55019 5.15529 -4.76424 -14.0568 -0.893823 -5.13482 |
000065 |  289.123 411.6 872.667 -43.2486 -10.04 -146.331 -21.6005 18.2516 -41.927 -39.1248 77.4963 14.913 -115.328 307.327 83.3858 -24.5108 11.6746 3.72068 -30.9245 -819.779 -789.574 1.95106 0.594611 -0.840986 9.66176 2.31285 9.45854 -2.80621 4.29362 -7.63809 -0.334046 -8.3174 7.56199 -7.60155 5.36347 -2.83849 -15.257 -0.777797 -2.55765 |
000066 |  221.865 236.713 641.758 -60.6294 5.89061 -186.288 -14.3355 16.9157 -17.7113 -35.1504 68.4561 29.2255 -102.394 295.662 67.5896 -26.8837 9.83821 6.22217 35.6243 -642.597 -537.731 -1.33103 3.32797 -0.914977 9.71871 3.91809 8.48069 -8.36192 4.6302 -20.7353 3.42398 -8.20131 9.62981 -6.42352 5.85905 -0.350046 -15.1223 -0.412136 0.823838 |
000067 |  200.79 188.436 585.59 -76.6971 23.9826 -218.767 -7.60782 14.9527 2.99177 -29.6393 55.965 43.1133 -89.4328 279.981 63.9911 -21.8326 9.25731 2.96626 47.4343 -589.579 -470.817 -6.00402 7.32808 -0.134762 9.62896 6.38639 6.66449 -14.9706 4.3231 -34.1175 7.25401 -7.57301 11.5156 -4.98 6.45233 2.53947 -13.9428 0.0875081 4.46434 |
000068 |  199.681 221.456 633.596 -90.2535 43.6511 -240.017 -1.92216 12.1803 17.919 -22.5931 40.913 55.2653 -75.9516 260.651 70.5526 -11.0792 10.2158 -4.61587 31.3527 -615.364 -518.714 -11.9294 12.5093 1.65404 9.10505 9.03124 4.48233 -21.8628 3.88134 -46.3359 10.9435 -6.4583 12.9816 -3.25213 6.83272 5.56114 -12.238 0.500638 7.67074 |
000069 |  206.601 361.834 802.723 -100.356 64.3254 -247.194 2.35849 8.38386 25.4148 -14.1516 24.2804 64.5574 -60.1436 240.774 82.7219 1.45197 12.5864 -13.2052 1.23585 -747.734 -698.166 -19.1728 18.1846 4.67902 7.90372 11.1261 2.44409 -28.0894 3.96364 -56.0112 14.2436 -4.96323 13.8472 -1.27493 6.67954 8.38604 -10.6068 0.558806 9.80344 |
000070 |  205.501 725.283 1201.23 -106.4 85.3426 -238.896 5.07775 3.41113 24.8149 -4.6994 7.05108 70.286 -40.0196 226.183 94.7026 10.7264 15.727 -18.3784 -23.9189 -1105.91 -1116.95 -27.6773 23.0982 9.18138 5.93186 12.1118 0.970046 -32.7285 5.15513 -62.2114 16.8923 -3.28618 14.0574 0.844215 5.791 10.7046 -9.52989 0.0383351 10.4804 |
000071 |  142.773 1649.55 2138.41 -108.1 105.822 -215.316 6.31948 -2.72346 16.6774 5.10077 -9.79288 72.3099 -15.372 224.041 102.119 12.879 18.5805 -16.5308 12.715 -2032.1 -2084.22 -36.8834 25.7959 15.2454 3.29235 11.7452 0.286289 -35.1016 7.7415 -64.7183 18.6499 -1.70613 13.717 2.93294 4.18408 12.3091 -9.20502 -1.14157 9.70998 |
000072 |  -183.391 4091.37 4452.09 -105.323 124.559 -177.756 6.39701 -9.77396 2.75982 14.3689 -25.2889 71.0493 10.9004 239.54 104.624 7.55545 20.0933 -7.2184 315.199 -4486.19 -4438.43 -45.7028 25.2354 22.4784 0.269311 10.164 0.364985 -34.8928 11.5647 -64.0632 19.3356 -0.541013 13.0728 4.78154 2.1331 13.1458 -9.49743 -2.86282 7.88855 |
000073 |  -1405.89 10270.3 10022.3 -98.0637 140.044 -128.143 5.8058 -17.2877 -14.2674 22.1335 -38.6173 67.3842 34.3377 271.43 104.703 -2.05838 19.7001 6.36648 1516.7 -10686.1 -10059.2 -53.1064 21.3865 29.7698 -2.73022 7.85804 0.928672 -32.1318 16.0224 -61.3127 18.8538 -0.0766722 12.4387 6.18252 0.123605 13.3113 -10.0289 -4.827 5.66494 |
000074 |  -4274.87 21082.8 19687.2 -87.9995 151.349 -72.4581 5.15528 -24.7283 -31.2836 27.4602 -49.274 62.4922 52.4228 309.111 102.218 -11.5233 17.436 19.3316 4366.82 -21519.5 -19775.7 -58.9476 15.3958 35.575 -5.25965 5.54466 1.52786 -27.0731 20.2178 -57.6766 17.2021 -0.486155 12.0884 6.97161 -1.27093 12.9901 -10.355 -6.64413 3.72555 |
000075 |  -6101.4 24910.4 23926.5 -81.1718 160.646 -28.0478 5.03094 -31.5999 -45.3596 29.5681 -57.0964 57.5844 65.8765 336.536 92.4561 -17.2737 13.7046 27.3591 6179.05 -25357.6 -24043.7 -64.0872 9.13051 38.5344 -6.93081 3.95437 1.6847 -20.0496 23.208 -54.0686 14.4658 -1.76317 12.1491 7.0629 -1.56148 12.3561 -10.1409 -7.95377 2.57923 |
000076 |  -3879.89 14849.3 15763.9 -81.5057 170.412 -8.85276 5.72819 -37.3862 -54.5273 28.0213 -62.0781 53.5653 75.2557 346.889 75.7213 -17.4156 9.10651 27.9892 3950.25 -15295.8 -15872 -69.5746 4.51037 37.4411 -7.50685 3.59207 1.05849 -11.3647 24.2619 -50.7696 10.8022 -3.69651 12.5446 6.47046 -0.510414 11.4854 -9.27455 -8.53182 2.39645 |
000077 |  -1486.71 5966.36 7414.41 -83.8801 177.437 -5.19593 7.13903 -41.542 -58.1438 22.9547 -64.2244 50.7749 77.4109 349.4 63.2011 -11.7713 4.41644 21.1043 1554.6 -6409.95 -7495.53 -75.3592 2.97294 30.854 -6.96018 4.55506 -0.41742 -1.29721 23.0388 -47.333 6.4419 -5.89339 13.0066 5.31349 1.76646 10.3243 -7.88386 -8.34007 2.94892 |
000078 |  -454.87 2241.36 3411.08 -83.8711 178.492 -5.52637 8.99342 -43.739 -56.4949 15.0339 -63.6589 49.0286 66.6162 357.062 64.034 -1.85378 0.34091 8.93609 525.63 -2690.2 -3469.93 -79.2418 4.75954 18.5793 -5.46723 6.49754 -2.49333 9.78383 19.6363 -42.7786 1.70901 -7.85246 13.1553 3.80002 4.8087 8.7324 -6.26328 -7.50187 3.67412 |
000079 |  -103.326 933.898 1808.66 -81.291 173.416 -8.06357 11.0468 -43.9602 -50.3156 5.22652 -60.7023 47.8931 39.3462 378.62 74.027 9.23122 -2.97305 -4.39455 185.944 -1402.68 -1854.46 -78.5889 8.49268 4.29617 -3.35808 8.75859 -4.68465 21.3108 14.4979 -35.9904 -2.98622 -9.07067 12.6167 2.19019 7.93095 6.57457 -4.74513 -6.22574 3.84697 |
000080 |  18.9982 473.332 1187.85 -77.1158 163.395 -13.7793 13.1056 -42.431 -40.5785 -5.372 -55.787 46.9152 0.15858 417.398 82.5395 17.5212 -6.30966 -14.1407 85.3424 -977.189 -1227.01 -74.0725 12.23 -6.95775 -1.04209 10.5864 -6.43386 32.4916 8.23438 -26.1769 -7.20236 -9.1564 11.1373 0.747527 10.4109 3.81176 -3.56037 -4.71294 2.82408 |
000081 |  76.6055 321.165 1010.8 -72.2583 150.064 -22.8737 15.0069 -39.5437 -28.4346 -15.6201 -49.3711 45.7087 -42.2838 472.499 85.7347 19.9181 -11.0005 -17.1148 57.2867 -871.91 -1049.26 -68.5101 14.6107 -13.5407 1.07365 11.367 -7.286 42.3923 1.45151 -13.2483 -10.5561 -7.92478 8.66869 -0.311439 11.6838 0.54974 -2.7435 -3.09087 0.291612 |
000082 |  141.638 319.652 1165.59 -67.502 135.286 -34.6722 16.6032 -35.7968 -15.1878 -24.4191 -41.9642 43.9954 -82.6714 540.743 88.1235 16.0036 -17.6829 -13.5693 27.1802 -925.226 -1211.7 -63.811 14.9092 -16.4263 2.66163 10.7941 -7.02444 50.1245 -5.34744 2.01989 -12.8189 -5.45299 5.40155 -0.859521 11.4877 -2.97174 -2.12951 -1.40252 -3.58391 |
000083 |  313.55 475.629 1908.3 -63.5353 120.978 -48.0185 17.7621 -31.7302 -2.22876 -30.8601 -34.2192 41.6839 -120.178 617.273 97.7353 8.21484 -25.3645 -6.83399 -106.65 -1140.97 -1973.27 -60.6074 13.0307 -16.8622 3.5386 8.94954 -5.73248 55.0816 -11.7754 18.0965 -13.9887 -2.08427 1.74289 -0.885274 9.9295 -6.43611 -1.44331 0.350586 -8.17815 |
000084 |  993.834 1013.89 4573.81 -60.9196 108.882 -61.5486 18.3851 -27.8599 9.08135 -34.3824 -26.957 38.9597 -156.14 695.808 121.431 0.261246 -31.7968 -1.04418 -747.807 -1741.54 -4670.43 -58.8268 9.57783 -15.6384 3.70434 6.29332 -3.77359 57.1221 -17.535 33.0325 -14.3056 1.62526 -1.75931 -0.496496 7.46382 -9.52387 -0.428577 2.14831 -12.594 |
000085 |  4379.76 2836.7 15307.2 -59.9907 100.295 -73.7949 18.4478 -24.6403 17.5783 -34.8934 -20.9865 36.289 -192.289 768.921 160.8 -4.57206 -34.6672 0.841516 -4095.36 -3626.21 -15446.4 -57.9906 5.70543 -13.2937 3.32993 3.55635 -1.69622 56.5975 -22.3977 44.9097 -14.1872 5.01568 -4.53388 0.104069 4.78918 -11.9718 1.04861 3.91398 -15.9262 |
000086 |  18877.4 7459.43 50985.3 -60.7785 95.9332 -83.1046 18.0782 -22.5116 22.5027 -32.8612 -16.6519 34.3193 -231.366 827.523 206.958 -4.25469 -32.7021 -2.1898 -18555.4 -8304.85 -51168 -57.2308 2.82811 -10.7415 2.6849 1.54768 -0.0816732 54.1976 -26.2093 52.2578 -14.0899 7.47257 -6.12055 0.668472 2.67842 -13.5981 2.95462 5.51637 -17.5079 |
000087 |  32311.4 8030.19 69902.9 -63.1026 96.0646 -87.6206 17.6187 -21.9646 23.6747 -29.2504 -13.4549 33.6949 -280.174 862.278 237.404 1.66755 -26.2482 -9.14427 -31947.4 -8918.22 -70108.7 -55.2162 2.18466 -9.50871 2.02132 0.913745 0.627464 50.6767 -28.8955 54.3373 -14.3381 8.58 -6.2854 0.970578 1.77114 -14.2942 5.10079 6.80009 -17.0737 |
000088 |  15118.7 2742.62 27679.6 -66.6314 100.352 -86.062 17.282 -23.1126 21.0259 -24.6092 -11.2778 34.7514 -342.566 874.119 238.927 11.2642 -16.9879 -17.4641 -14703.3 -3659 -27879.2 -51.2646 3.61209 -9.1922 1.46188 1.90078 0.251945 46.584 -30.4248 51.2638 -14.9941 8.22101 -5.08655 0.872866 2.38356 -14.0051 7.20644 7.60463 -14.8293 |
000089 |  4886.2 767.458 7971.09 -71.4491 108.444 -79.1856 16.932 -25.439 14.3258 -18.5418 -11.1193 37.3518 -405.563 873.857 224.945 20.2602 -7.73652 -23.8863 -4417.57 -1703.25 -8152.77 -46.8439 5.51465 -7.75544 0.953771 4.23906 -1.07935 42.1226 -30.7376 43.9487 -15.832 6.58914 -2.85415 0.373926 4.40026 -12.7227 8.96351 7.77985 -11.4138 |
000090 |  2075.78 303.828 3119.98 -77.9911 120.356 -68.9179 16.4918 -28.4167 3.96066 -10.7102 -13.1137 41.0898 -453.84 869.582 208.254 24.3507 -1.95999 -25.267 -1561.26 -1253.02 -3286.39 -43.566 6.57347 -5.26819 0.310264 7.25087 -2.97345 37.2022 -29.7176 33.8647 -16.4363 4.11428 -0.0812955 -0.383103 7.29731 -10.5027 10.0592 7.22416 -7.75303 |
000091 |  1379.07 208.097 1954.89 -86.3445 135.7 -57.1348 15.9752 -31.6263 -9.06311 -1.12911 -16.3903 45.4356 -479.228 865.166 195.356 21.4709 -1.76367 -20.2425 -831.298 -1165.69 -2114.56 -42.1335 6.11326 -2.86918 -0.690962 10.0709 -4.91613 31.6023 -27.2028 22.7065 -16.3665 1.32801 2.71179 -1.1495 10.2945 -7.49863 10.224 5.89877 -4.81572 |
000092 |  1447.2 291.183 1983.23 -96.1512 153.534 -45.526 15.3971 -34.6843 -23.3932 9.87354 -19.7322 49.8546 -480.74 860.838 190.942 12.9679 -6.43861 -10.3882 -881.171 -1252.79 -2146.62 -42.663 4.10444 -1.45723 -2.19979 11.9022 -6.43875 25.142 -23.0602 11.9782 -15.3096 -1.27972 5.10815 -1.64454 12.5859 -3.97801 9.29708 3.83925 -3.31535 |
000093 |  2342.54 734.775 3182.15 -106.737 172.524 -35.6334 14.7459 -37.2289 -37.5308 21.6955 -22.0596 53.9497 -462.219 854.506 198.825 2.521 -13.104 0.683115 -1773.56 -1696.78 -3359.63 -45.0281 1.06169 -1.31404 -4.22083 12.2342 -7.24357 17.776 -17.3064 2.61241 -13.1633 -3.36596 6.88357 -1.63624 13.5642 -0.297056 7.28585 1.17881 -3.45702 |
000094 |  5516.21 2608.26 7569.55 -117.193 191.096 -28.7288 14.0038 -38.9495 -49.9725 33.4964 -22.6489 57.5869 -430.139 843.633 219.886 -6.01419 -18.4944 9.25531 -4957.78 -3567.78 -7769.33 -48.9461 -2.2287 -2.09353 -6.59407 10.975 -7.26923 9.6053 -10.2211 -5.23108 -10.0357 -4.78687 8.03585 -1.00666 12.9791 3.16852 4.39751 -1.83083 -4.85484 |
000095 |  15037.6 10082.3 21203.9 -126.452 207.676 -25.6125 13.1991 -39.6603 -59.28 44.2245 -21.0606 60.9403 -393.255 825.229 248.995 -9.98643 -20.2687 12.8603 -14498.5 -11035.9 -21428.2 -53.7675 -5.01181 -2.99228 -9.0245 8.47309 -6.69533 0.838229 -2.39576 -12.0937 -6.18181 -5.59195 8.7479 0.213099 10.9919 6.1137 1.0156 -4.82569 -6.67087 |
000096 |  26030.3 23989 38603 -133.805 221.464 -26.8463 12.4695 -39.4071 -64.0808 52.6953 -16.8945 64.4216 -362.48 792.508 272.694 -8.3412 -17.4819 10.7894 -25510.9 -24928 -38841.7 -58.1343 -6.70981 -3.21604 -11.1374 5.42988 -5.88472 -8.25333 5.31604 -18.914 -1.91219 -5.9655 9.29691 1.84299 8.11608 8.38036 -2.37961 -7.37969 -7.9082 |
000097 |  15760.4 19208.3 25186.5 -139.918 233.142 -33.8733 11.9869 -38.3526 -63.3185 57.9695 -10.1463 68.4811 -343.907 737.204 277.876 -1.76397 -10.6962 4.02961 -15254.9 -20117.1 -25417.3 -60.6632 -6.88266 -2.61766 -12.5435 2.69861 -5.26872 -17.3494 11.9619 -26.6137 2.48799 -6.13944 9.93786 3.58645 5.06254 9.98715 -5.32416 -9.10119 -7.7364 |
000098 |  4924.72 7343.1 8559.78 -145.6 242.472 -48.2715 11.7227 -36.3507 -56.8445 59.7509 -2.07983 73.3932 -331.301 667.925 269.424 7.27151 -2.14241 -5.17793 -4430.36 -8211.61 -8765.87 -61.6394 -5.54143 -1.68111 -12.9059 1.01918 -5.20506 -26.057 16.738 -35.6976 6.79668 -6.30611 10.7961 5.09084 2.52524 11.0915 -7.48817 -9.74858 -5.7419 |
000099 |  1601.23 2556.82 2969.26 -150.409 247.793 -69.7791 11.5468 -33.2018 -45.3068 58.0482 5.81594 79.0904 -316.743 604.014 257.763 15.2397 4.62961 -13.5713 -1119.05 -3387.6 -3146.23 -62.0667 -3.39453 -1.07704 -12.0051 0.793847 -5.82454 -33.8706 19.2007 -45.9899 10.8452 -6.54789 11.8197 6.02955 0.975514 11.8952 -8.78783 -9.3016 -2.04752 |
000100 |  742.74 1080.07 1417.03 -153.555 248.001 -96.635 11.3671 -28.9627 -29.8483 52.9778 12.7963 85.0612 -296.424 559.241 246.9 18.9389 6.05976 -17.8458 -274.74 -1882.75 -1567.84 -62.5775 -1.54698 -1.34529 -9.79006 1.96453 -6.95087 -40.1672 19.3869 -56.5687 14.4861 -6.81703 12.8023 6.18516 0.53771 12.5326 -9.44114 -7.97882 2.70718 |
000101 |  499.452 632.829 980.564 -154.451 242.842 -126.303 11.1101 -23.8746 -12.0214 44.8347 18.8186 90.4141 -270.222 539.687 237.858 17.1831 0.510155 -16.4995 -46.9008 -1419.49 -1111.22 -63.4767 -0.997214 -2.67462 -6.40427 4.04397 -8.15498 -44.2671 17.8037 -65.9417 17.5676 -6.979 13.4645 5.50321 0.992289 12.9974 -9.9295 -6.19008 7.5214 |
000102 |  442.609 596.993 957.284 -152.718 232.555 -155.808 10.6803 -18.2479 6.29258 34.1384 24.2624 94.0855 -241.185 545.353 232.474 11.523 -10.5367 -10.8317 -5.58577 -1380.34 -1075.3 -64.8914 -2.18209 -4.84641 -2.17194 6.29269 -8.90794 -45.5826 15.2648 -72.4641 19.934 -6.8963 13.5663 4.09761 1.89492 13.1485 -10.8479 -4.41461 11.3107 |
000103 |  486.625 930.127 1302.23 -148.14 217.621 -182.019 9.94211 -12.3757 23.0423 21.6128 29.6344 95.1324 -213.937 572.526 233.722 5.08687 -23.3032 -3.98254 -63.9709 -1723.24 -1416.16 -66.8357 -4.76902 -7.3616 2.46133 7.95639 -8.75483 -43.8304 12.6339 -74.8863 21.4481 -6.5191 13.0098 2.2062 2.75477 12.7917 -12.6685 -3.04204 13.243 |
000104 |  672.192 2079.55 2522.95 -140.681 198.642 -202.068 8.72916 -6.48006 36.2548 8.11536 35.3415 92.9961 -192.605 616.046 244.215 0.815627 -33.6527 0.84264 -261.771 -2895.74 -2641.92 -69.223 -7.76444 -9.70469 7.01819 8.47243 -7.44657 -39.2141 10.5895 -72.8143 22.0175 -5.94423 11.8893 0.117286 3.19403 11.7906 -15.5101 -2.24834 13.0112 |
000105 |  1185.57 5844.04 6870.68 -130.636 176.463 -213.959 6.88875 -0.708773 44.3533 -5.4737 41.5876 87.6387 -179.493 669.657 264.41 0.494476 -38.5896 1.52571 -784.811 -6695.37 -7002.6 -71.8322 -9.83353 -11.7234 11.0858 7.5943 -4.99904 -32.4477 9.50109 -66.8676 21.6054 -5.41774 10.471 -1.90887 3.04467 10.1529 -19.0418 -1.97186 10.9169 |
000106 |  2189.41 16687.5 21457.1 -118.887 152.701 -217.163 4.36201 4.78345 46.4537 -18.4049 48.3977 79.5269 -174.583 723.382 290.083 4.62097 -36.9915 -2.56298 -1796.09 -17580.1 -21604 -74.1925 -9.62269 -14.1714 14.3971 5.42707 -1.67522 -24.5706 9.43039 -58.4698 20.2241 -5.26891 9.10714 -3.70031 2.36783 8.05596 -22.5827 -1.99401 7.72963 |
000107 |  2130.8 27748.5 42823 -106.768 130.166 -212.247 1.26139 9.71222 42.4708 -30.2411 55.707 69.5003 -175.928 760.621 309.337 12.6025 -29.9594 -10.486 -1744.18 -28674.9 -42973.5 -75.1691 -5.92638 -19.1154 16.877 2.38634 2.09096 -16.639 10.2007 -49.3779 17.9216 -5.7922 8.11654 -5.19972 1.40877 5.80977 -25.3438 -2.06652 4.40128 |
000108 |  430.525 15295.8 30287.2 -94.5083 110.587 -198.844 -2.24327 13.8568 32.884 -40.8133 63.0946 58.593 -182.608 771.357 308.44 22.7302 -20.7541 -19.7923 -51.52 -16237.2 -30418.7 -72.3871 1.36537 -27.6237 18.6363 -0.895292 5.78713 -9.44757 11.4725 -41.1483 14.776 -7.11838 7.67017 -6.45071 0.507482 3.77234 -26.6895 -2.01759 1.75919 |
000109 |  -32.4559 4088.68 11016.8 -80.9247 92.5205 -176.278 -6.18756 17.488 18.4356 -49.7167 69.1472 47.8183 -194.867 773.4 287.054 31.7748 -13.5408 -26.753 403.725 -5035.15 -11116.2 -64.8855 9.29794 -35.307 19.9032 -3.7096 8.91111 -3.41276 12.8009 -34.7128 10.9087 -9.12467 7.72669 -7.54653 -0.010809 2.24928 -26.3151 -1.79732 0.267772 |
000110 |  0.628057 982.384 4030.55 -66.1827 75.2516 -146.548 -10.56 20.9272 0.323125 -56.4201 72.1537 38.0396 -207.573 787.55 252.974 36.1977 -11.594 -27.5787 363.794 -1936.63 -4099.88 -55.816 14.5213 -38.1441 20.9128 -5.44649 11.0709 1.35554 13.6883 -30.1939 6.52415 -11.4183 8.0593 -8.55646 0.0604618 1.41185 -24.3031 -1.45032 -0.0825283 |
000111 |  31.982 256.414 2019.71 -51.5855 59.568 -113.063 -15.1156 24.2056 -19.8041 -60.5911 71.0282 29.9154 -215.25 818.854 215.588 34.4617 -15.6894 -20.83 326.295 -1224.91 -2069.44 -48.2848 16.3334 -37.0042 21.788 -5.74266 12.0382 4.89781 13.671 -26.9549 1.93004 -13.4253 8.34893 -9.46885 0.742686 1.25686 -21.0587 -1.05375 0.236625 |
000112 |  29.3601 71.1512 1504.81 -38.527 46.5908 -79.114 -19.4823 27.1612 -40.1486 -62.0032 65.4988 23.8327 -217.166 862.054 184.615 27.8887 -23.6241 -8.67868 323.308 -1059 -1549.37 -43.2793 15.6565 -34.1762 22.4654 -4.56085 11.7502 7.24341 12.4105 -23.8671 -2.4885 -14.5519 8.29268 -10.1776 1.86684 1.61919 -17.142 -0.654038 0.433744 |
000113 |  -11.7757 30.042 1706.24 -28.213 37.3345 -47.5401 -23.2668 29.5586 -59.0055 -60.4069 55.9641 19.9343 -215.628 908.878 168.742 19.4572 -31.7026 4.44088 359.549 -1039.95 -1761.79 -40.8125 13.7501 -31.1625 22.7024 -2.18128 10.2902 8.3005 9.76015 -19.7572 -6.33507 -14.3589 7.69579 -10.5153 3.1338 2.2322 -13.0564 -0.22744 -0.327044 |
000114 |  -156.605 34.6871 3021.72 -21.6103 32.5857 -20.6836 -26.1127 31.1589 -74.8821 -55.5413 43.2597 18.2229 -213.364 952.102 173.891 12.1327 -36.6386 14.1315 500.55 -1067.35 -3104.57 -40.7696 11.6649 -28.5234 22.1606 0.888414 7.85251 7.84604 5.80433 -13.907 -9.29166 -12.6935 6.52289 -10.3139 4.21812 2.813 -9.08129 0.311159 -2.58224 |
000115 |  -773.904 -44.9393 8364.07 -19.3803 32.796 -0.311211 -27.7294 31.7525 -86.5431 -47.2694 28.4821 18.6507 -212.244 986.992 201.188 8.0121 -36.5747 17.464 1115.3 -1009.6 -8488.4 -43.041 9.99859 -26.1541 20.5203 4.04166 4.69942 5.63996 0.873694 -6.4188 -11.2044 -9.74717 4.89973 -9.46606 4.87628 3.14284 -5.22942 1.04976 -6.29019 |
000116 |  -3856.49 -1230.17 30943.2 -21.815 38.0177 12.5606 -27.8821 31.1375 -93.0199 -35.8176 12.9481 21.1795 -212.957 1011.09 243.436 8.18698 -31.4439 13.4182 4196.08 156.316 -31115.3 -47.0745 8.87322 -23.6476 17.5889 6.70848 1.11614 1.63046 -4.47874 1.72109 -12.1359 -6.02421 3.07057 -7.96329 5.02435 3.12048 -1.3512 2.00434 -10.7644 |
000117 |  -12593.3 -6501.81 80625.5 -29.0313 48.2569 17.7225 -26.3156 29.0167 -93.5716 -22.103 -1.72307 25.8286 -214.766 1023.2 279.685 12.8444 -23.2685 2.85298 12929.5 5413.35 -80832.2 -50.7956 8.46326 -21.372 13.3679 8.46516 -2.62642 -3.85799 -9.56496 8.91738 -12.3615 -2.22855 1.32493 -5.90326 4.76342 2.77768 2.68631 3.07657 -14.8673 |
000118 |  -10610.3 -6541.63 56296.7 -41.1689 63.8016 15.3802 -22.8192 25.0921 -87.7907 -7.57148 -14.0479 32.6419 -214.764 1024.64 284.045 20.9106 -15.8411 -11.4847 10937.9 5443.79 -56499.9 -51.2397 9.49222 -21.4598 8.06223 9.09938 -6.30125 -10.0831 -13.7214 13.4727 -12.2952 0.914264 -0.0931435 -3.46651 4.34707 2.25573 6.86316 4.06726 -17.3804 |
000119 |  -3453.71 -2294.57 16138 -57.3807 83.5997 5.94661 -17.7549 19.7282 -76.1381 7.24756 -24.1757 41.4543 -209.724 1021.63 262.494 28.8811 -12.2915 -24.782 3768.09 1190.94 -16310.5 -49.3999 11.339 -24.1672 2.02902 8.61503 -9.74713 -16.0459 -16.5093 14.1499 -12.3573 2.86117 -1.0735 -0.870926 4.09862 1.74996 10.9921 4.73185 -17.4054 |
000120 |  -1102.85 -820.763 4942.74 -76.5254 106.143 -9.95732 -11.7855 13.6 -59.7371 22.2899 -33.0432 51.9118 -197.882 1018.78 234.257 32.4349 -14.4247 -32.1385 1403.85 -284.851 -5081.97 -48.0868 12.6183 -27.935 -4.29715 7.20829 -12.8642 -20.7808 -17.8508 10.5711 -12.8204 3.41649 -1.66448 1.68546 4.2971 1.44297 14.7723 4.87458 -14.6549 |
000121 |  -499.969 -445.447 2322.56 -97.6474 130.298 -31.0322 -5.47324 7.20412 -40.0107 37.0885 -41.2446 63.5188 -178.838 1016.4 209.229 29.3827 -22.2922 -31.6654 790.135 -657.071 -2438.6 -48.8081 12.6954 -31.6082 -10.4831 5.20873 -15.6006 -23.6349 -18.0386 3.38811 -13.7044 2.78642 -2.0405 4.06917 5.06859 1.4426 17.8828 4.43559 -9.5854 |
000122 |  -383.603 -359.699 1784.4 -119.563 154.829 -55.0686 0.694506 0.902818 -18.6755 50.9739 -49.0676 75.5618 -154.833 1011.81 192.42 20.9519 -33.3729 -25.4451 666.609 -733.578 -1891.62 -52.1958 11.4583 -33.7971 -16.1554 2.99245 -17.9255 -24.4007 -17.6323 -5.80012 -14.78 1.49358 -2.43594 6.22217 6.33141 1.74673 20.0792 3.53166 -3.3551 |
000123 |  -554.822 -391.604 2235.03 -140.855 178.34 -79.2112 6.29511 -5.02103 2.31469 63.287 -56.6503 87.1443 -130.571 1001.63 186.275 10.6836 -43.6406 -17.629 834.747 -686.125 -2348.61 -58.199 8.99324 -32.3217 -21.0082 0.914051 -19.7887 -23.2557 -17.2761 -14.8137 -15.6751 0.192034 -3.06461 8.14121 7.81494 2.2476 21.2317 2.43583 2.42566 |
000124 |  -1374.76 -556.734 4536.28 -160.005 199.347 -100.264 11.0105 -10.3582 20.9197 73.4403 -64.0198 97.3007 -112.689 984.065 190.138 2.34108 -49.4264 -11.9473 1656.12 -500.138 -4670.06 -65.2229 5.39859 -24.6479 -24.7786 -0.727733 -21.0967 -20.5533 -17.5048 -21.489 -16.0335 -0.543217 -4.05192 9.838 9.15137 2.77667 21.2951 1.49106 6.13883 |
000125 |  -4908.39 -945.15 14031.7 -175.538 216.335 -114.973 14.6894 -14.9989 35.2808 80.8435 -71.0069 105.14 -109.127 959.107 202.017 -1.42249 -48.6934 -10.5274 5196.17 -87.1095 -14196.3 -69.3064 1.19611 -10.7196 -27.2356 -1.69787 -21.7289 -16.5766 -18.5821 -24.3604 -15.6595 -0.381188 -5.3971 11.3013 10.002 3.17067 20.2578 0.979833 6.70591 |
000126 |  -18051.8 -644.293 47494.4 -186.399 228.147 -120.509 17.4488 -19.0154 44.1151 84.6346 -77.1018 110.055 -121.205 925.933 219.165 0.51538 -41.7294 -13.8141 18348.2 -359.543 -47692.6 -67.8224 -2.03204 3.56536 -28.2086 -1.81817 -21.5921 -11.3743 -20.4106 -23.1696 -14.5988 0.681397 -6.96945 12.4741 10.1734 3.33621 18.1399 1.00959 4.01614 |
000127 |  -28753.2 2969.05 72588.3 -193.186 235.561 -116.137 19.7724 -22.7554 47.1057 83.3977 -81.4919 111.933 -132.694 881.102 226.242 7.56986 -31.4364 -20.749 29050.4 -3936.87 -72802.3 -64.823 -3.11811 11.5044 -27.6228 -0.965915 -20.6707 -4.76079 -22.5526 -18.9567 -13.1325 2.33045 -8.53757 13.2519 9.68111 3.2877 15.0486 1.47161 -0.992432 |
000128 |  -12058.2 2633.86 30583.1 -197.321 240.378 -104.058 22.0279 -26.3682 44.5886 76.2703 -83.8451 111.005 -128.154 824.513 207.689 16.7895 -21.7455 -28.3158 12342.5 -3555.14 -30781.1 -64.9969 -3.0453 13.1589 -25.4892 0.920042 -19.0378 3.5369 -24.3871 -13.6577 -11.6956 4.02986 -9.83148 13.496 8.74458 3.14504 11.2373 2.08573 -6.67483 |
000129 |  -3129.9 918.918 8494.82 -197.431 240.686 -85.712 23.9112 -29.3015 36.9299 64.1127 -84.7474 107.505 -113.932 767.963 175.914 23.2473 -15.1228 -31.6104 3396.47 -1788.9 -8664.72 -67.6983 -3.38398 11.9049 -21.866 3.81564 -16.8206 13.6648 -25.3319 -9.43251 -10.7371 5.18387 -10.6109 13.0613 7.71163 3.09138 7.09972 2.508 -11.2523 |
000130 |  -945.431 301.616 3007.29 -192.139 234.509 -62.2384 25.1072 -31.0532 24.9457 47.9257 -84.703 101.821 -98.0401 721.823 143.28 23.1858 -12.4771 -26.7091 1197.39 -1122.5 -3155.37 -70.9693 -4.49201 9.89677 -16.8442 7.55605 -14.1352 25.435 -24.9955 -8.05784 -10.5456 5.32535 -10.6982 11.8372 6.93189 3.30969 3.08917 2.46264 -13.3266 |
000131 |  -400.735 128.936 1611.2 -181.236 221.532 -35.6301 25.4699 -31.4012 9.95985 28.4479 -83.7819 94.4298 -85.4065 688.444 114.853 16.4854 -12.6444 -13.5242 644.439 -906.631 -1749.97 -73.3836 -5.67707 8.5159 -10.5963 11.76 -11.0536 38.2246 -23.2741 -10.4635 -11.1299 4.26989 -10.0053 9.79045 6.62736 3.9106 -0.37005 1.83959 -12.2311 |
000132 |  -271.217 112.062 1319.27 -165.087 202.31 -8.29498 24.9221 -30.2962 -6.44377 6.53498 -81.6614 85.7369 -80.9661 665.345 95.0074 6.39869 -13.0357 4.00883 514.12 -853.978 -1461.98 -74.108 -5.90359 8.64237 -3.449 15.8074 -7.60773 51.0326 -20.3653 -16.4787 -12.2076 2.17194 -8.55142 6.99809 6.80785 4.87628 -2.9719 0.735504 -8.1869 |
000133 |  -311.681 205.113 1628.86 -144.433 177.925 17.3446 23.4311 -27.8112 -22.6447 -16.591 -77.7757 76.055 -89.303 649.44 89.1883 -2.82353 -11.3091 20.3648 561.752 -919.41 -1788.25 -72.8481 -4.54958 10.4201 4.0764 18.9136 -3.82059 62.6621 -16.7051 -24.8336 -13.3002 -0.530581 -6.46339 3.66451 7.26231 6.04217 -4.60627 -0.562525 -2.26723 |
000134 |  -520.442 519.488 2973.61 -120.43 149.948 39.0052 21.0339 -24.1399 -37.117 -39.3339 -71.5231 65.6787 -113.282 639.14 102.47 -7.90353 -6.36215 30.9075 786.028 -1214.9 -3161.6 -69.7457 -1.81154 13.2255 11.2904 20.2853 0.246554 71.9548 -12.8548 -33.4406 -13.8911 -3.25686 -3.9569 0.109649 7.6335 7.12988 -5.38785 -1.64807 3.84028 |
000135 |  -993.38 1570.2 7560.35 -94.711 120.455 54.5611 17.8714 -19.6105 -48.506 -59.9305 -62.4662 54.9807 -153.033 633.93 137.035 -7.22521 1.60286 33.1043 1282.75 -2255.49 -7786.82 -65.2941 1.43488 15.9962 17.4358 19.3218 4.4538 77.983 -9.35143 -39.9669 -13.5851 -5.45572 -1.29774 -3.27839 7.54609 7.82522 -5.60056 -2.11919 8.28854 |
000136 |  -1323.88 5002.78 22121.9 -69.5218 92.0905 61.9122 14.2292 -14.7108 -55.6728 -76.8228 -50.451 44.4864 -204.949 632.114 188.33 -0.894327 11.3275 26.9152 1643.98 -5684.83 -22390.2 -60.2373 4.16153 17.6158 21.8474 15.8056 8.57247 80.1439 -6.5421 -42.6001 -12.2128 -6.75869 1.25128 -6.12264 6.73869 7.87578 -5.55883 -1.73017 9.67803 |
000137 |  1370.82 10892.1 45717.9 -47.9792 68.1021 58.9635 10.5708 -10.1067 -57.7843 -89.0844 -35.6398 34.8944 -261.398 628.23 240.531 9.24366 20.7223 14.8816 -1015.72 -11572.3 -46016.3 -55.297 5.72377 17.1409 24.1388 10.0466 12.3048 78.1763 -4.454 -40.7291 -9.86218 -7.08259 3.48447 -8.15202 5.15763 7.17714 -5.45141 -0.507897 7.58837 |
000138 |  4613.44 9269.56 37357.2 -32.8524 50.9396 45.1984 7.38894 -6.4416 -54.5962 -96.4606 -18.7721 26.9828 -314.679 616.238 272.595 19.5883 27.4094 1.90225 -4221.04 -9942.65 -37657.5 -50.5325 5.99619 14.2289 24.3618 2.93096 15.306 72.1579 -2.77355 -35.1828 -6.82852 -6.65071 5.28323 -9.27962 2.98099 5.81299 -5.26167 1.23362 2.75135 |
000139 |  3055.81 3827.08 14872.1 -24.1017 40.3137 23.1763 4.82566 -3.86138 -46.8417 -98.8361 -1.87386 21.4004 -361.22 599.589 280.906 25.5314 29.7907 -6.04677 -2624.36 -4488.64 -15151.2 -45.267 5.09743 9.8458 23.058 -4.17443 17.1847 62.5086 -0.959465 -27.885 -3.50711 -5.92907 6.60975 -9.63602 0.574317 4.03906 -4.81119 2.99474 -3.2544 |
000140 |  1490.96 1461.64 5514.6 -20.9724 35.6559 -4.60126 2.78297 -2.17655 -35.9424 -96.4339 12.3405 18.5491 -397.488 585.224 275.559 23.7137 27.3366 -5.05203 -1020.67 -2112.59 -5765.94 -39.2781 3.52593 5.33254 21.1314 -9.68043 17.5333 49.9444 1.53911 -21.1419 -0.265113 -5.46852 7.47881 -9.53152 -1.61262 2.21479 -3.8943 4.26387 -8.58928 |
000141 |  867.882 732.993 2717.33 -23.1934 36.903 -36.2969 1.1827 -1.20782 -23.5347 -90.0135 21.7704 18.5143 -420.994 574.701 266.612 14.3735 20.7693 3.86067 -362.13 -1376.73 -2943.9 -32.8721 2.14403 1.40814 19.5138 -12.1895 16.0119 35.3557 5.0428 -16.8856 2.65299 -5.69978 7.91458 -9.35414 -3.17627 0.69994 -2.404 4.67489 -11.7366 |
000142 |  699.679 553.497 1990.04 -30.2406 43.5702 -69.6419 -0.0184643 -0.785789 -11.317 -80.3999 25.4951 21.0079 -432.813 565.803 262.921 1.25594 12.1062 15.6177 -164.786 -1193.36 -2199.08 -26.3946 1.70795 -1.66199 18.7476 -10.9766 12.4811 19.6347 9.49154 -16.1172 5.15505 -6.76356 7.91031 -9.43573 -3.87758 -0.254102 -0.384024 4.08959 -11.9058 |
000143 |  798.355 675.69 2200.5 -41.2254 54.6742 -101.99 -0.851493 -0.723598 -0.9051 -68.0619 23.8989 25.3735 -436.306 555.893 271.304 -10.6966 3.95892 24.5772 -242.607 -1314.4 -2401.15 -20.1757 2.43051 -3.83607 18.7276 -6.31035 7.15084 3.52538 14.4376 -18.6598 7.26392 -8.44701 7.4195 -9.93316 -3.70986 -0.580617 1.98558 2.60694 -9.21117 |
000144 |  1269.33 1315.03 3608.31 -55.0641 68.9798 -130.734 -1.33933 -0.842285 6.35679 -53.0828 18.4725 30.6579 -435.1 543.634 295.07 -17.4522 -1.33517 27.0242 -701.7 -1954.93 -3810.2 -14.642 3.85874 -5.23035 18.7789 0.588028 0.641643 -12.4465 19.1819 -23.2318 9.04387 -10.2575 6.38441 -10.7718 -2.89441 -0.414238 4.44268 0.51376 -4.63296 |
000145 |  2657.48 3637.01 8270 -70.6009 85.2054 -153.645 -1.49014 -1.02267 9.59823 -35.4793 11.3715 35.7992 -432.021 528.886 332.894 -16.8819 -2.33148 21.8417 -2086.33 -4279.93 -8481.44 -10.3032 5.09368 -6.08298 18.0122 7.9346 -6.11789 -27.9502 22.9941 -27.8329 10.534 -11.6053 4.78697 -11.6807 -1.8031 -0.0362803 6.71226 -1.80508 0.237595 |
000146 |  5857.3 11214.1 21504.7 -86.7463 102.243 -169.122 -1.27418 -1.27209 8.59335 -15.617 4.95686 39.9105 -428.325 510.589 376.858 -9.17047 1.13049 10.3253 -5289.58 -11859.4 -21728.7 -7.53442 5.1692 -6.7278 15.7261 13.9075 -12.1121 -42.7666 25.3352 -30.3935 11.714 -12.0203 2.69621 -12.3039 -0.839538 0.230388 8.56981 -3.97304 3.67119 |
000147 |  7737.66 22931.8 37953.8 -102.968 119.695 -176.738 -0.595462 -1.78465 3.84405 5.58443 1.42472 42.5319 -422.053 483.23 410.104 2.89764 7.70752 -4.1324 -7179.28 -23571.3 -38180.6 -6.26854 3.42325 -7.55985 11.6584 17.0972 -16.4783 -56.6783 26.006 -29.533 12.5037 -11.3238 0.288047 -12.3446 -0.318277 0.139168 9.88092 -5.71141 4.40327 |
000148 |  3338.6 18307.5 27120.6 -119.663 138.03 -178.088 0.604233 -2.78749 -3.63564 26.9075 2.13266 43.704 -406.707 440.623 414.554 14.1799 14.5574 -16.5882 -2796.23 -18925 -27327.5 -6.07856 -0.151955 -8.72864 6.04396 16.8041 -18.7012 -69.3667 25.1807 -25.1187 12.7855 -9.70429 -2.17788 -11.6864 -0.376169 -0.393499 10.6105 -6.88465 2.12829 |
000149 |  499.062 7249.63 10215.2 -136.49 156.553 -175.533 2.10916 -4.14519 -12.846 47.2112 6.7649 43.8841 -376.646 390.883 389.948 19.0121 17.898 -22.2272 20.4771 -7833.39 -10383.7 -6.69972 -4.60499 -9.60457 -0.478065 13.196 -18.7391 -80.3456 23.317 -18.3216 12.4345 -7.6713 -4.41928 -10.4517 -0.936445 -1.26355 10.8059 -7.49268 -2.38569 |
000150 |  19.103 2448.03 3617.58 -151.861 173.236 -170.472 3.5745 -5.52525 -22.9336 65.2953 13.8169 43.8221 -333.407 348.364 347.291 14.6421 15.1013 -19.2025 473.449 -2997.72 -3742.84 -7.70472 -8.34688 -9.0313 -7.04393 7.33393 -17.0274 -88.9833 20.9519 -11.1508 11.3441 -5.88851 -6.19416 -8.97141 -1.73078 -2.21948 10.5632 -7.61568 -7.62315 |
000151 |  18.5582 887.144 1599.49 -164.315 186.416 -163.749 4.74451 -6.69619 -33.105 79.9446 21.3218 44.3687 -284.335 318.779 296.296 3.43872 6.85501 -9.87779 445.915 -1408.63 -1685.21 -8.30374 -10.0013 -5.93649 -12.7891 1.01102 -14.3542 -94.6378 18.483 -5.72817 9.45442 -4.94126 -7.34414 -7.67512 -2.37724 -2.95014 10.0008 -7.36067 -11.8944 |
000152 |  54.7138 345.851 929.432 -172.894 195.062 -156.137 5.46162 -7.52256 -42.6255 90.2061 27.2201 46.2726 -238.39 300.672 244.369 -8.95191 -3.44159 1.16946 382.657 -846.494 -982.455 -7.97338 -9.25501 0.0921904 -17.0672 -3.66854 -11.6061 -96.8649 16.0339 -3.62744 6.788 -5.11774 -7.81189 -6.93222 -2.50381 -3.19313 9.24758 -6.83609 -13.8799 |
000153 |  73.9899 134.868 679.449 -177.018 198.567 -148.423 5.63544 -7.91049 -50.8356 95.5874 29.8962 49.9455 -202.285 291.054 197.293 -17.1429 -11.9473 9.84759 338.45 -621.58 -707.292 -7.01513 -7.11542 8.35005 -19.5975 -4.9634 -9.43365 -95.6011 13.4435 -5.45131 3.47826 -6.30268 -7.6311 -6.91112 -1.87334 -2.82093 8.42945 -6.13606 -12.9976 |
000154 |  73.8757 50.9926 588.488 -176.369 196.613 -141.351 5.22757 -7.78691 -57.1804 96.0972 28.8295 55.2671 -179.124 288.146 159.498 -17.9812 -15.9488 13.7541 316.501 -529.874 -598.543 -6.4308 -5.32447 17.079 -20.4777 -2.20311 -7.99844 -91.2482 10.3593 -10.687 -0.219486 -8.00901 -6.90696 -7.50381 -0.474158 -1.88506 7.65235 -5.3204 -9.53451 |
000155 |  53.3039 29.8994 580.263 -170.847 189.144 -135.545 4.24677 -7.10019 -61.2321 92.1216 24.8912 61.6207 -168.925 291.716 133.931 -10.9225 -14.4094 12.2866 318.327 -506.482 -579.641 -7.32338 -5.46417 24.0797 -20.059 3.883 -6.97271 -84.5873 6.38276 -17.8308 -3.95313 -9.54491 -5.79603 -8.36121 1.47162 -0.596765 6.97871 -4.38671 -4.56636 |
000156 |  4.69014 53.1525 643.974 -160.57 176.356 -131.45 2.74908 -5.82821 -62.7086 84.2344 20.0026 68.1919 -169.461 302.749 121.543 2.12248 -8.13477 6.51423 351.83 -532.723 -639.605 -10.3207 -8.32373 27.5194 -18.7732 11.4486 -5.79344 -76.5577 1.21161 -24.7803 -7.33452 -10.2406 -4.4863 -9.01798 3.58187 0.744167 6.40957 -3.25268 0.337434 |
000157 |  -94.199 125.096 815.858 -145.897 158.718 -129.312 0.83818 -3.98642 -61.4809 73.06 16.347 74.3465 -176.892 323.168 120.804 17.0721 0.190519 -0.99764 439.491 -612.873 -814.652 -15.279 -13.6673 26.604 -17.0139 18.2462 -3.99058 -67.9965 -5.24251 -29.4592 -10.0221 -9.65448 -3.17088 -9.04992 5.43731 1.84522 5.88751 -1.7797 3.60517 |
000158 |  -304.345 274.616 1217.96 -127.452 136.985 -129.177 -1.33807 -1.63344 -57.5759 59.226 15.5964 79.8648 -186.651 355.172 127.873 28.5061 6.48898 -6.78351 642.538 -775.692 -1226.92 -21.2707 -20.2942 21.9486 -15.0958 22.3697 -1.39918 -59.4318 -12.7546 -30.5164 -11.8054 -7.7108 -2.01022 -8.20771 6.71206 2.51294 5.32738 0.145297 4.22153 |
000159 |  -802.614 575.798 2211.89 -106.139 112.216 -130.904 -3.59641 1.12253 -51.1745 43.3688 18.4586 84.9236 -195.338 399.408 137.949 31.7741 6.97312 -7.9811 1138.07 -1094.75 -2237.98 -26.797 -26.2905 15.5539 -13.2468 22.7657 1.80205 -50.9981 -20.7251 -27.8206 -12.6627 -4.73555 -1.09117 -6.48179 7.26672 2.70991 4.66417 2.49611 2.12517 |
000160 |  -2119.3 1175.35 4885.34 -83.1378 85.7941 -134.181 -5.72997 4.1131 -42.61 26.118 24.5764 89.8752 -202.793 452.461 147.26 25.8229 0.574697 -4.19832 2456.32 -1715.39 -4934.73 -30.2661 -29.553 10.1693 -11.5908 19.4585 5.18337 -42.4707 -28.2165 -22.4893 -12.7685 -1.38405 -0.399596 -4.09199 7.18241 2.5645 3.88908 5.03662 -1.78133 |
000161 |  -5588.85 2121.71 12012.5 -59.8838 59.4536 -138.514 -7.51505 7.09218 -32.3649 7.99386 32.6541 94.9888 -211.318 506.166 153.329 13.9953 -10.2813 2.20376 5930.55 -2683.19 -12088.4 -30.6568 -28.6039 7.99888 -10.1128 13.5179 8.22592 -33.3931 -34.134 -16.4466 -12.4393 1.52839 0.177629 -1.41821 6.73157 2.33636 3.05269 7.35473 -6.01575 |
000162 |  -11942.5 2275.92 25349.4 -38.0074 35.2413 -143.173 -8.71407 9.71848 -21.0706 -10.7392 40.7715 100.285 -221.593 549.966 152.618 1.81057 -21.5206 7.83051 12288.3 -2854.57 -25448 -28.0046 -23.3349 9.36593 -8.63722 6.78181 10.4909 -23.2856 -37.511 -11.7451 -12.0167 3.27334 0.810125 1.11223 6.27945 2.33848 2.24067 8.98909 -9.06097 |
000163 |  -14306.9 -10.5756 30909.9 -19.0135 15.106 -146.928 -9.12844 11.6007 -9.55007 -30.0152 46.8663 105.47 -230.888 575.616 140.294 -5.77732 -29.6235 10.0372 14650.9 -576.639 -31018.2 -23.3752 -15.0674 12.4791 -6.86994 1.32279 11.7302 -11.8676 -37.7894 -9.91159 -11.735 3.44155 1.65104 3.1365 6.15449 2.84122 1.53883 9.58733 -9.8453 |
000164 |  -8796.39 -1536.28 19654.6 -3.65097 -0.039176 -147.838 -8.76364 12.4987 1.0912 -49.442 49.1069 109.889 -238.259 582.235 118.253 -6.03695 -32.398 7.72846 9131 949.405 -19757.4 -18.5059 -5.92342 14.6221 -4.53833 -1.24682 11.8991 0.781487 -34.9827 -11.4812 -11.6312 2.07705 2.75753 4.44063 6.52542 3.97773 1.0011 9.02714 -8.03527 |
000165 |  -4064.77 -1280.07 9461.29 7.83492 -10.0697 -144.107 -7.85101 12.4019 9.56157 -67.9191 46.31 112.626 -246.564 574.07 97.3843 1.01652 -29.1338 1.36848 4386.74 700.152 -9552.66 -15.179 1.90867 13.6447 -1.57813 -0.363002 11.0988 14.1918 -29.6587 -15.8257 -11.5386 -0.344123 4.04924 4.99361 7.33441 5.68361 0.619414 7.46194 -4.11548 |
000166 |  -2083.5 -857.443 5045.99 14.9662 -14.6571 -134.886 -6.62438 11.3458 14.7419 -83.9374 38.5327 112.824 -256.84 555.304 86.515 12.9295 -21.113 -7.32996 2394.05 290.219 -5128.55 -14.4701 6.7429 8.73601 1.74417 3.30751 9.51105 27.6212 -22.7481 -21.3131 -11.1658 -3.08253 5.33206 4.92676 8.31407 7.69609 0.297254 5.27758 0.737073 |
000167 |  -1438.85 -654.431 3577.18 17.0627 -13.3149 -120.09 -5.19185 9.32771 15.9558 -95.873 26.9958 109.926 -266.489 529.729 87.3104 25.2244 -11.6245 -15.6352 1741.35 105.882 -3657.79 -16.4612 7.8151 0.600833 4.87203 8.20857 7.35872 40.2526 -15.2574 -25.7855 -10.2218 -5.37697 6.37077 4.47074 9.08326 9.61842 -0.144995 2.96382 4.98179 |
000168 |  -1426.22 -627.622 3564.27 13.4533 -5.69418 -100.217 -3.52292 6.33852 13.083 -102.178 13.4267 103.702 -271.317 501.041 96.0395 32.4041 -4.85916 -20.3239 1724.79 103.671 -3650.66 -20.3467 5.594 -8.74625 7.14398 12.5316 4.89064 51.3564 -7.97264 -27.2663 -8.52815 -6.6721 6.97936 3.87792 9.27931 11.0306 -0.910359 0.937954 7.21577 |
000169 |  -2005.3 -743.189 4961.16 3.6164 8.26706 -76.2676 -1.47605 2.40252 6.57489 -101.633 -0.589418 94.1857 -268.755 471.224 106.909 30.4327 -3.62593 -19.0142 2304.31 248.766 -5060.07 -24.7222 1.86596 -16.5708 8.02372 14.8284 2.36147 60.3513 -1.25547 -24.6783 -6.07705 -6.76955 7.09252 3.35415 8.67663 11.6109 -2.12 -0.601967 6.70499 |
000170 |  -3684.83 -924.088 8986.07 -12.6625 28.2417 -49.5777 1.15121 -2.40351 -2.60319 -93.6426 -13.9565 81.6017 -260.276 438.9 114.99 19.481 -7.32902 -11.6717 3988.52 462.343 -9101.85 -28.0838 -0.763874 -20.4133 7.27707 14.4019 -0.0062033 66.7893 4.97751 -18.2603 -3.02344 -5.8672 6.78921 3.01242 7.25574 11.2287 -3.71544 -1.71243 3.69367 |
000171 |  -7248.69 -608.337 17487.1 -35.1608 53.5132 -21.7301 4.56825 -7.948 -13.0696 -78.5339 -26.1506 66.3973 -249.764 400.256 116.871 3.87234 -12.5209 -0.677458 7560.06 180.691 -17619.6 -29.5326 -0.152323 -19.2701 5.05109 11.4471 -2.05979 70.3458 11.0837 -9.48077 0.374242 -4.47805 6.26052 2.85188 5.20861 9.98033 -5.43706 -2.61222 -0.688228 |
000172 |  -10678.7 1300.78 25748.6 -63.3356 83.3207 5.02689 8.93641 -14.0405 -23.1579 -57.7116 -37.1812 49.3024 -238.898 351.448 109.435 -10.7617 -15.3825 10.5697 10997.4 -1693.47 -25890.4 -29.2537 4.03546 -14.1543 1.84107 6.97401 -3.73645 70.8669 17.4179 -0.5065 3.83131 -3.25435 5.73729 2.76069 2.88882 8.16154 -6.90319 -3.53249 -4.8701 |
000173 |  -8563.21 2988.03 21035.5 -96.45 117 27.2227 14.236 -20.3577 -31.1917 -33.3358 -47.5797 31.2624 -226.767 291.184 91.8894 -20.1512 -13.3694 19.0838 8885.21 -3344.88 -21172.1 -28.2276 10.0135 -7.35634 -1.65012 2.52828 -5.05916 68.4425 24.0748 6.51418 7.09788 -2.76325 5.40185 2.54769 0.72123 6.18847 -7.74465 -4.60447 -7.39639 |
000174 |  -4028.96 2325.76 10396.3 -132.722 152.56 41.6378 20.0862 -26.3441 -35.8828 -7.65938 -58.2241 13.2897 -215.55 224.309 70.8663 -22.4289 -5.52815 23.12 4351.67 -2647.86 -10514.6 -27.4205 14.8784 -1.11401 -4.72445 -0.284262 -6.10181 63.4538 30.7607 10.0866 9.9836 -3.28926 5.31778 2.00601 -0.908151 4.48601 -7.733 -5.82877 -7.37362 |
000175 |  -1511.59 1203.06 4319.31 -168.873 186.23 46.9639 25.828 -31.3501 -36.4559 17.1472 -69.5962 -3.55116 -210.06 160.195 55.9093 -17.9885 7.35019 22.4414 1836.69 -1494.96 -4414.55 -27.3022 16.1946 3.02382 -6.89203 -0.363666 -6.91972 56.5553 36.848 9.76215 12.3521 -4.73799 5.41405 1.00167 -1.75852 3.37137 -6.86769 -7.10948 -4.71484 |
000176 |  -543.056 551.824 1911.82 -201.157 214.125 43.0902 30.7584 -34.8639 -32.5528 38.9759 -81.0931 -18.1581 -212.354 106.882 51.5001 -9.29686 22.7987 18.3476 875.102 -819.953 -1985.44 -27.8391 13.0636 4.33 -7.97641 2.44337 -7.48416 48.5882 41.5674 6.23713 14.1035 -6.68056 5.52636 -0.44698 -1.8005 2.967 -5.40162 -8.3133 -0.177474 |
000177 |  -184.327 244.92 1003.42 -226.264 233.3 30.3538 34.2697 -36.6045 -24.2353 56.0067 -91.0166 -29.5113 -220.184 68.8018 56.0838 -0.697191 37.2234 13.4315 528.282 -495.45 -1059.47 -28.6829 6.36361 3.00061 -8.08036 7.2697 -7.67765 40.4425 44.2427 1.15294 15.1655 -8.51359 5.46935 -2.14184 -1.21649 3.17285 -3.78985 -9.31993 4.8099 |
000178 |  -42.9028 107.008 648.966 -241.795 241.99 9.64284 35.9342 -36.5411 -12.1071 67.0086 -97.1099 -36.8554 -228.651 47.1751 64.8908 2.68352 46.8935 10.589 402.51 -344.828 -691.917 -29.4047 -1.58596 0.174443 -7.46541 12.5688 -7.35312 32.895 44.4758 -3.4068 15.5012 -9.6734 5.1128 -3.75509 -0.330128 3.71624 -2.55906 -10.0424 8.54725 |
000179 |  12.9871 53.7999 520.049 -246.564 239.648 -17.224 35.5736 -34.8754 2.54519 71.5687 -97.3001 -39.8918 -233.529 40.7459 73.6221 -2.56971 49.3376 11.2832 364.181 -282.639 -554.32 -29.729 -7.8846 -2.35005 -6.43476 16.6778 -6.41203 26.4518 42.2258 -5.63457 15.123 -9.82303 4.43236 -4.93608 0.504708 4.25974 -2.12285 -10.4173 9.64135 |
000180 |  25.1291 54.8781 513.657 -240.664 226.847 -47.3104 33.2874 -31.9694 17.7263 70.1222 -90.3476 -38.8712 -234.37 46.7249 81.2652 -15.7836 44.4377 14.4479 369.923 -278.072 -544.137 -29.6936 -10.3012 -2.83354 -5.25966 18.346 -4.85654 21.2686 37.7929 -4.68529 14.0923 -8.96523 3.51923 -5.43189 1.01652 4.52612 -2.62076 -10.3874 7.55164 |
000181 |  -0.513905 112.858 629.926 -225.27 205.016 -76.7944 29.4164 -28.2148 30.9315 63.7179 -76.2334 -34.4923 -234.759 62.3242 90.4335 -32.46 34.2612 17.3811 412.951 -334.208 -662.811 -29.6078 -8.3636 -0.531559 -4.13185 17.0762 -2.79926 17.2052 31.7469 -1.00597 12.4961 -7.44745 2.54806 -5.17254 1.09179 4.3892 -3.87119 -9.908 2.82498 |
000182 |  -91.5107 276.108 991.207 -202.24 176.069 -101.64 24.4436 -23.8916 39.5997 53.6222 -56.2307 -27.6575 -240.035 85.9295 105.685 -46.8313 21.9502 17.6337 520.828 -500.444 -1034.58 -29.8154 -3.51238 3.82023 -3.11525 13.2388 -0.43821 13.9991 24.8185 3.8708 10.4183 -5.8525 1.71974 -4.2958 0.798135 3.90294 -5.46728 -8.98123 -3.12547 |
000183 |  -370.868 725.913 2090.72 -173.704 142.075 -118.507 18.8706 -19.0939 41.7165 40.9552 -32.6585 -19.2154 -254.841 116.879 131.36 -54.2278 10.7142 14.1268 817.072 -959.182 -2154.41 -30.4704 1.77169 8.38078 -2.10332 7.96436 1.99039 11.4462 17.7526 7.93678 7.92681 -4.7969 1.19992 -3.1064 0.353293 3.26593 -6.94933 -7.6925 -8.55669 |
000184 |  -1364.44 2118.17 5935.21 -141.813 105.088 -125.593 13.1297 -13.7793 36.3692 26.4888 -8.34796 -9.77333 -281.246 154.149 169.366 -52.2252 3.21839 7.2135 1827.77 -2366.74 -6029.39 -31.4587 5.14237 11.0781 -0.82383 2.82177 4.27068 9.47523 11.1402 9.40313 5.08859 -4.70119 1.07214 -1.98442 0.0501892 2.74107 -7.95834 -6.21342 -11.966 |
000185 |  -5096.59 6292.65 19721.9 -108.783 67.2061 -123.174 7.59029 -7.93692 24.0346 10.6296 14.1089 0.389727 -316.446 194.339 215.952 -40.9985 1.11256 -1.75886 5575.41 -6561.11 -19852.6 -32.3883 5.24382 10.3856 1.06381 -0.677432 6.25672 8.09404 5.2896 7.23067 2.00452 -5.62663 1.32154 -1.2707 0.156353 2.55797 -8.31994 -4.76 -12.4962 |
000186 |  -13251.4 12059.3 47267.8 -77.3701 30.9282 -113.863 2.66978 -1.7866 6.44879 -6.48596 33.1449 11.3207 -349.585 229.467 256.917 -23.3494 4.43796 -10.9877 13737.5 -12346.3 -47427.2 -32.5733 2.17978 5.74986 3.783 -1.61689 7.88676 7.27568 0.192093 1.39506 -1.15697 -7.24572 1.85171 -1.16693 0.817396 2.8291 -8.0585 -3.51884 -10.1164 |
000187 |  -12256.9 7412.76 40491.2 -50.4761 -1.10335 -101.716 -1.20403 4.2548 -14.0131 -24.6851 48.4527 23.2654 -364.758 250.841 272.155 -4.20915 10.8742 -18.791 12732.7 -7709.63 -40652.4 -31.3633 -2.49609 -2.17323 7.25914 -0.00927195 9.14199 6.88342 -4.40425 -7.10602 -4.15512 -8.96087 2.51836 -1.68653 1.99994 3.50749 -7.35919 -2.56963 -5.60301 |
000188 |  -4650.01 1692.93 14372.2 -28.4484 -28.1056 -89.0546 -4.05729 9.97712 -35.2792 -42.9146 60.2289 36.3705 -358.193 261.87 261.644 10.7397 15.7321 -24.1947 5100.12 -1991.91 -14511.2 -29.1044 -6.66253 -11.135 11.0657 3.25184 9.97333 6.67881 -8.85534 -16.4796 -6.71546 -10.1132 3.15804 -2.67119 3.49773 4.39921 -6.49154 -1.83609 -0.349145 |
000189 |  -1441.98 278.035 4300.45 -10.5566 -50.2786 -77.3677 -6.21204 15.2842 -55.7308 -59.4547 69.0313 50.6146 -336.31 271.327 239.46 17.24 14.2271 -27.0135 1861.45 -576.236 -4411.09 -26.9139 -8.40965 -17.8626 14.5353 6.78056 10.3022 6.37927 -13.4747 -24.6276 -8.59784 -10.1922 3.62754 -3.85486 4.99598 5.22875 -5.72293 -1.09029 4.01306 |
000190 |  -507.335 34.5349 1559.6 3.12833 -67.4487 -68.681 -7.85845 19.9483 -73.9719 -72.9583 75.8447 65.8893 -304.182 281.657 212.848 14.9568 4.60719 -27.4059 897.259 -330.546 -1644.55 -25.8661 -6.57235 -19.6942 16.9756 9.21274 10.0663 5.73191 -18.3638 -29.799 -9.66911 -9.00018 3.84584 -4.95254 6.17004 5.73241 -5.23035 -0.0440356 6.12361 |
000191 |  -212.385 -8.59713 748.125 12.5266 -79.4564 -64.5972 -9.08162 23.6885 -88.8731 -82.7697 81.5388 81.9446 -266.402 289.766 184.12 7.51181 -10.5089 -25.5359 575.488 -282.845 -812.203 -26.6406 -1.51103 -15.981 17.8965 9.63168 9.24726 4.58092 -23.2405 -31.1791 -9.95127 -6.73249 3.81468 -5.74438 6.77919 5.73904 -5.02894 1.48657 5.37873 |
000192 |  -102.987 -17.1862 469.554 17.9102 -86.3436 -65.9986 -9.94154 26.2668 -99.614 -88.8973 86.4198 98.352 -227.796 291.053 155.642 -0.309484 -25.7863 -21.6756 441.964 -265.948 -517.476 -29.3097 4.86829 -8.49813 17.1626 7.80743 7.88505 2.93636 -27.3677 -29.1563 -9.62416 -3.95221 3.61144 -6.13729 6.73242 5.21863 -4.97062 3.43627 2.15492 |
000193 |  -58.4125 -19.1407 368.528 19.8564 -88.3373 -73.1604 -10.4977 27.5369 -105.68 -91.9029 90.1031 114.557 -192.421 282.301 130.95 -5.07192 -35.9439 -16.4414 375.724 -251.247 -404.488 -33.3431 10.0469 -0.491615 15.0302 4.24432 6.06198 1.01981 -29.6853 -25.106 -8.97327 -1.44896 3.34856 -6.18554 6.10525 4.28332 -4.82254 5.46566 -2.36083 |
000194 |  -44.3381 -18.4795 343.009 19.1492 -85.8207 -85.8926 -10.8124 27.4604 -106.832 -92.7305 91.6652 129.974 -163.03 262.909 113.671 -5.47117 -37.6418 -10.7677 342.544 -235.085 -370.689 -37.8775 11.9127 4.84837 12.0616 0.044322 3.86435 -0.751493 -29.1483 -20.8081 -8.2934 -0.00485311 3.11349 -6.07236 5.11009 3.14958 -4.37794 7.07861 -6.64028 |
000195 |  -53.0814 -13.2635 362.524 16.6919 -79.3208 -103.633 -10.9453 26.1081 -103.077 -92.4821 90.0033 144.066 -141.108 235.255 106.172 -2.09149 -30.2803 -5.59394 335.405 -220.936 -385.223 -42.0886 9.26706 5.55407 8.94258 -3.40553 1.35332 -1.87397 -25.1305 -17.796 -7.78031 -0.132164 2.91984 -6.05223 4.02549 2.0714 -3.53559 7.81002 -9.33799 |
000196 |  -89.2091 2.70441 423.6 13.431 -69.504 -125.511 -10.9484 23.654 -94.6493 -92.1861 84.3313 156.374 -127.196 204.493 108.647 3.14274 -16.0711 -1.45883 360.239 -217.548 -444.477 -45.459 1.92322 1.49657 6.25235 -4.88925 -1.42197 -1.92434 -17.7121 -16.8761 -7.45927 -1.8785 2.6971 -6.36502 3.10488 1.26233 -2.31808 7.39214 -9.68332 |
000197 |  -168.58 43.2392 541.419 10.2755 -57.1629 -150.388 -10.8594 20.3602 -82.0097 -92.6451 74.6336 166.507 -121.458 177.405 118.772 7.6099 0.448154 1.78515 435.052 -241.692 -563.848 -47.8003 -9.24103 -5.43567 4.28418 -3.81486 -4.36708 -0.705679 -7.72236 -17.916 -7.18991 -4.79183 2.32474 -7.14597 2.4958 0.828553 -0.83681 5.84246 -7.67224 |
000198 |  -325.584 139.741 758.366 8.01672 -43.1803 -176.907 -10.6966 16.5549 -65.8438 -94.4126 61.8434 174.098 -124.355 159.762 132.228 8.79499 13.6358 4.90668 596.922 -326.966 -786.293 -49.0367 -22.0021 -11.7375 3.00093 -0.45515 -7.28397 1.68374 3.47388 -19.9027 -6.74342 -8.06553 1.69138 -8.36172 2.19813 0.734129 0.771662 3.45942 -4.05731 |
000199 |  -632.333 367.529 1174.73 7.23718 -28.4644 -203.555 -10.4533 12.5984 -47.087 -97.8319 47.5984 178.778 -136.939 152.808 144.694 5.35549 18.9932 8.7103 920.32 -548.96 -1212.86 -49.0681 -32.6397 -13.715 2.14202 4.17729 -9.8709 4.87047 14.3449 -21.2443 -5.90869 -10.7986 0.748031 -9.80208 2.07761 0.813047 2.41103 0.735583 -0.138496 |
000200 |  -1236.59 913.212 2024.92 8.19315 -13.8658 -228.803 -10.0916 8.83822 -26.9424 -103 33.7114 180.153 -160.171 152.138 154.451 -2.02875 15.5459 13.2182 1553.65 -1092.68 -2078.31 -48.008 -37.0878 -9.60918 1.39601 8.73701 -11.7949 8.30153 23.5843 -20.278 -4.57934 -12.2706 -0.466526 -11.136 1.9263 0.825748 4.06365 -1.78763 2.63561 |
