000000 |  7.0044 -19.4355 -14.266 4.65618 -1.79311 -4.77425 -21.1868 14.0522 2.00789 4.68633 4.34722 6.14639 -18.994 -12.3101 8.64559 0.873653 6.99496 3.25342 24.7098 1.88593 -9.06452 -6.02284 7.89921 1.57065 -6.39005 8.4677 0.112582 -0.176876 -6.10866 -1.35978 7.78427 -0.871062 11.3794 3.01842 -3.13901 -3.65352 |
000001 |  6.84957 -18.6122 -14.0036 4.45147 -1.80764 -4.65452 -20.4216 14.0492 1.76918 4.33084 3.62361 6.10907 -18.7995 -11.033 8.81493 1.22359 6.15809 2.92719 23.0617 1.70904 -8.33225 -5.03865 7.90008 1.06479 -6.53542 7.2422 -0.0416344 0.15603 -5.15968 -1.29184 8.20433 -1.71057 10.8014 2.51046 -2.37307 -3.16679 |
000002 |  6.35871 -16.237 -13.2029 4.04657 -1.82318 -4.37747 -18.4229 13.9219 1.16454 3.37014 1.79432 5.98235 -18.119 -7.55604 9.21155 2.11143 3.83231 2.04946 18.6147 1.23385 -6.4051 -2.37961 7.82074 -0.300222 -6.79725 3.97539 -0.49203 1.06636 -2.48373 -1.08897 9.00772 -4.04727 9.36108 1.15537 -0.437734 -1.8911 |
000003 |  5.4311 -12.6 -11.9036 3.50964 -1.82422 -3.97772 -15.4905 13.1687 0.283212 2.07284 -0.533412 5.71074 -16.5901 -2.72867 9.52073 3.07217 0.785912 0.961654 12.4313 0.745667 -3.81845 0.969866 7.44389 -2.00586 -6.79149 -0.300587 -1.16914 2.07779 0.866454 -0.80072 9.87012 -6.98624 7.45566 -0.547864 1.96104 -0.258061 |
000004 |  3.97286 -8.1134 -10.1615 3.03609 -1.77951 -3.54258 -12.1218 11.3218 -0.706149 0.765914 -2.59287 5.25435 -13.8722 2.34515 9.40319 3.60348 -2.13689 0.0430774 5.90919 0.498349 -1.2762 3.93444 6.56179 -3.49098 -6.07499 -4.32703 -1.972 2.73626 3.85595 -0.475702 10.1699 -9.59996 5.68635 -2.04813 3.97683 1.22916 |
000005 |  1.92631 -3.14874 -8.03234 2.78255 -1.64544 -3.13959 -8.70822 8.13838 -1.67829 -0.301297 -3.88402 4.59931 -9.74017 6.70967 8.55337 3.31457 -4.15884 -0.379006 0.187518 0.635681 0.682791 5.63265 5.07335 -4.30665 -4.3746 -7.11507 -2.79936 2.69635 5.60916 -0.168738 9.52472 -11.1369 4.4724 -2.89915 4.95304 2.16371 |
000006 |  -0.60696 1.79325 -5.66445 2.79723 -1.41514 -2.80522 -5.61909 3.66791 -2.52154 -0.927078 -4.04717 3.77382 -4.37564 9.71588 6.91806 2.10554 -4.89148 -0.168068 -3.9589 1.14326 1.69648 5.5899 3.0178 -4.22027 -1.74234 -8.08186 -3.49994 1.82737 5.68885 0.0852807 7.79173 -11.1349 4.06232 -2.86603 4.55793 2.31927 |
000007 |  -3.42892 6.30831 -3.24492 3.04446 -1.08992 -2.5408 -2.94482 -1.65411 -3.18807 -1.06295 -3.12118 2.83246 1.82078 11.0953 4.60715 0.117456 -4.27614 0.650555 -6.29351 1.97231 1.70816 3.8027 0.557634 -3.24593 1.60567 -7.16667 -3.98567 0.223892 4.105 0.258127 5.14116 -9.60319 4.39933 -1.98438 2.87879 1.71483 |
000008 |  -6.24318 10.079 -0.965406 3.39993 -0.694074 -2.31263 -0.67874 -7.1451 -3.64411 -0.80166 -1.44081 1.8412 8.14342 11.0075 1.93748 -2.27418 -2.66805 1.85606 -7.09869 2.92708 0.903904 0.790213 -2.04543 -1.65904 5.18168 -4.85938 -4.17861 -1.80064 1.40256 0.350314 1.98111 -6.93086 5.22503 -0.523042 0.368296 0.590145 |
000009 |  -8.74634 12.8833 1.00327 3.69025 -0.265372 -2.06466 1.38039 -11.9412 -3.87745 -0.356591 0.421967 0.843351 13.7496 10.0003 -0.60596 -4.52493 -0.742984 3.07443 -7.17491 3.81579 -0.282988 -2.50773 -4.50311 0.0754237 8.37846 -2.10763 -4.05147 -3.78318 -1.49425 0.379969 -1.06732 -3.86231 6.0512 1.04757 -2.19598 -0.61449 |
000010 |  -10.6543 14.6088 2.52098 3.76783 0.161013 -1.7503 3.49418 -15.2079 -3.87324 -0.000571162 1.83677 -0.151723 17.8027 8.8184 -2.47579 -6.0589 0.679458 3.85907 -7.52054 4.42303 -1.32172 -4.9375 -6.54792 1.41437 10.5767 -0.0368905 -3.60294 -5.21763 -3.48429 0.376379 -3.3634 -1.27586 6.3306 2.19716 -3.95912 -1.39304 |
000011 |  -11.7892 15.2041 3.50858 3.55662 0.555378 -1.3492 5.83673 -16.3842 -3.57563 0.0509274 2.34659 -1.16458 19.7013 8.06999 -3.2456 -6.45234 0.967526 3.84657 -8.95324 4.62315 -1.8313 -5.58262 -8.00939 1.95506 11.3384 0.490077 -2.8631 -5.72839 -3.73047 0.35691 -4.42437 0.147343 5.66094 2.53268 -4.27552 -1.36106 |
000012 |  -12.1667 14.6472 3.97723 3.06679 0.890042 -0.87849 8.44441 -15.4064 -2.9735 -0.2597 1.85893 -2.21475 19.2579 7.93528 -2.75791 -5.62293 0.00201516 2.93347 -11.657 4.34189 -1.73712 -4.16998 -8.82779 1.61033 10.5752 -0.666236 -1.83623 -5.23684 -2.07872 0.31814 -4.14196 0.281859 3.96426 1.96549 -2.99652 -0.428218 |
000013 |  -11.8607 12.9605 3.98219 2.52326 1.18924 -0.449535 10.9493 -12.5597 -2.00834 -0.828255 0.678982 -3.28002 16.7745 7.94018 -1.25209 -3.79921 -1.86352 1.279 -15.0188 3.73321 -1.29558 -1.20275 -9.00986 0.641733 8.51661 -2.88446 -0.519184 -3.9966 0.87264 0.239871 -2.83221 -0.508061 1.52328 0.798366 -0.615858 1.0961 |
000014 |  -11.1203 10.3381 3.68512 2.01628 1.43082 -0.104879 13.1405 -8.63897 -0.834106 -1.39266 -0.668 -4.29911 12.8297 7.38079 0.832666 -1.51706 -3.80925 -0.672116 -17.9668 2.87945 -0.954648 2.25197 -8.64766 -0.457037 5.81808 -5.06522 1.00943 -2.42829 4.07232 0.0863416 -1.15135 -1.43424 -1.05314 -0.502231 2.09263 2.73486 |
000015 |  -10.0309 6.89878 3.16543 1.71621 1.62663 0.0690295 14.5317 -4.44801 0.487669 -1.67164 -1.57639 -5.16304 8.23151 5.62376 2.92012 0.647522 -5.02163 -2.42223 -19.4063 1.80313 -1.19008 5.10511 -7.85083 -1.2299 2.99909 -6.12593 2.71565 -0.987599 6.47776 -0.147534 0.297103 -1.72768 -3.18656 -1.44529 4.29375 3.97459 |
000016 |  -8.73667 2.83848 2.51732 1.69857 1.75806 0.0279862 14.7913 -0.623568 1.85035 -1.47212 -1.62393 -5.76625 3.69605 2.28497 4.51399 2.23145 -4.96936 -3.56855 -18.6902 0.593446 -2.21219 6.5692 -6.73332 -1.37623 0.545577 -5.36349 4.50331 -0.0301342 7.33784 -0.449818 1.0623 -0.879787 -4.49167 -1.67587 5.37256 4.44564 |
000017 |  -7.26352 -1.55991 1.81701 1.95621 1.80199 -0.223906 13.7705 2.43981 3.16668 -0.745865 -0.667497 -6.03929 -0.249308 -2.55913 5.3231 2.9837 -3.50399 -3.90114 -15.6581 -0.658011 -4.02041 6.29866 -5.41338 -0.793528 -1.22044 -2.63663 6.22873 0.288523 6.42404 -0.789077 0.878441 1.23914 -4.77868 -1.07296 5.07482 4.01288 |
000018 |  -5.54725 -5.98915 1.09512 2.37693 1.72725 -0.639047 11.5628 4.69129 4.38248 0.377899 1.10247 -5.97091 -3.28923 -8.41852 5.28463 2.8959 -0.859781 -3.4404 -10.717 -1.88202 -6.37412 4.44286 -3.99 0.411282 -2.20704 1.65847 7.73328 -0.00138574 3.96129 -1.12876 -0.198817 4.39212 -4.13988 0.24678 3.54941 2.7943 |
000019 |  -3.48576 -10.1054 0.359445 2.79131 1.50236 -1.14035 8.48278 6.38612 5.4692 1.60709 3.17946 -5.61551 -5.37746 -14.3897 4.59943 2.20221 2.37936 -2.43702 -4.79598 -3.04264 -8.82117 1.61758 -2.52193 1.94918 -2.55964 6.62827 8.8754 -0.658532 0.650772 -1.43043 -1.84157 7.95166 -2.93524 1.93066 1.31698 1.13801 |
000020 |  -0.995424 -13.5866 -0.371249 3.03015 1.10152 -1.64896 5.02174 7.9768 6.4093 2.56702 4.88999 -5.06345 -6.7402 -19.3918 3.68759 1.32597 5.39515 -1.33256 0.827639 -4.18737 -10.799 -1.20125 -1.00171 3.39961 -2.63219 11.0488 9.54375 -1.28105 -2.49753 -1.66706 -3.47876 11.0405 -1.68348 3.45285 -0.827847 -0.451382 |
000021 |  1.91663 -16.1443 -1.05113 3.00028 0.517528 -2.11481 1.69779 9.88649 7.15492 2.92614 5.62127 -4.39414 -7.73488 -22.45 3.03283 0.751697 7.33989 -0.642798 4.90431 -5.42115 -11.7844 -2.98848 0.634208 4.3344 -2.86258 13.7307 9.69132 -1.41874 -4.4237 -1.81957 -4.56232 12.7298 -0.905609 4.26777 -2.06658 -1.47693 |
000022 |  5.08134 -17.5498 -1.5833 2.72235 -0.226145 -2.52936 -1.1093 12.2487 7.60224 2.51328 5.05366 -3.63989 -8.61282 -22.9178 2.98838 0.802599 7.66162 -0.724186 6.60305 -6.78483 -11.4393 -3.09545 2.44148 4.47955 -3.5368 13.9317 9.30695 -0.795279 -4.50461 -1.88035 -4.68597 12.4757 -0.916411 4.0131 -1.86991 -1.63999 |
000023 |  8.22685 -17.6735 -1.82241 2.30855 -1.0805 -2.91553 -3.28033 14.7738 7.62674 1.39606 3.32507 -2.76787 -9.36118 -20.7868 3.56208 1.48706 6.29605 -1.62361 5.91607 -8.21813 -9.76205 -1.55305 4.37911 3.83248 -4.63458 11.6924 8.40724 0.5484 -2.81415 -1.84756 -3.84741 10.3551 -1.67278 2.68733 -0.282069 -0.988037 |
000024 |  11.0192 -16.5058 -1.64786 1.91313 -1.97105 -3.30758 -4.89462 16.823 7.08423 -0.138397 0.959724 -1.73261 -9.65525 -16.6636 4.41836 2.46522 3.73965 -3.01944 3.56402 -9.5131 -7.06283 0.939109 6.26616 2.65606 -5.81693 7.78062 7.04813 2.25218 -0.0752534 -1.72062 -2.42186 7.04812 -2.79293 0.664227 2.09875 0.112906 |
000025 |  13.1542 -14.1752 -0.973007 1.69269 -2.81563 -3.73653 -6.18527 17.6504 5.89557 -1.69082 -1.30806 -0.511883 -9.07804 -11.5392 5.0259 3.23244 0.792028 -4.39 0.657616 -10.3632 -3.82871 3.37889 7.83083 1.3473 -6.59 3.31108 5.30537 3.79939 2.67746 -1.50681 -0.981275 3.52639 -3.76888 -1.48752 4.41512 1.17367 |
000026 |  14.442 -10.8818 0.207338 1.74819 -3.53345 -4.20988 -7.39433 16.6914 4.10953 -2.90148 -2.81626 0.865095 -7.34191 -6.45161 4.903 3.34375 -1.75712 -5.24149 -1.73547 -10.4403 -0.548565 4.86093 8.8066 0.285607 -6.52035 -0.654344 3.28351 4.72476 4.50656 -1.22199 -0.0987631 0.697544 -4.16116 -3.21456 5.8764 1.76838 |
000027 |  14.8702 -6.94251 1.81303 2.07923 -4.07358 -4.69878 -8.67077 13.721 1.85034 -3.54074 -3.16646 2.30664 -4.36198 -2.20754 3.74259 2.55363 -3.3306 -5.25497 -2.88676 -9.57505 2.40508 4.83495 9.01344 -0.271179 -5.37646 -3.41191 1.08033 4.76056 4.8431 -0.897792 -0.159405 -0.83026 -3.71221 -4.13612 5.99327 1.65658 |
000028 |  14.5704 -2.64129 3.6755 2.601 -4.3872 -5.14196 -10.0049 8.95821 -0.697905 -3.54428 -2.30114 3.69042 -0.376908 0.725284 1.52542 0.862287 -3.66941 -4.34983 -2.55326 -7.74594 4.85011 3.2539 8.43042 -0.258577 -3.33138 -4.70492 -1.10617 3.86465 3.57272 -0.561985 -1.20662 -0.828395 -2.43014 -4.08942 4.63236 0.79377 |
000029 |  13.7698 1.65377 5.57825 3.10248 -4.4784 -5.43328 -11.2166 3.05662 -3.32738 -3.01742 -0.503516 4.91259 4.13505 2.29069 -1.49602 -1.49716 -2.87925 -2.69394 -1.02317 -5.10826 6.79651 0.467451 7.17381 0.22612 -0.701794 -4.76681 -3.14457 2.23083 1.02279 -0.239959 -2.99353 0.482776 -0.550882 -3.2176 2.11454 -0.631481 |
000030 |  12.8009 5.63633 7.28709 3.39146 -4.36354 -5.48902 -11.9788 -3.07089 -5.87748 -2.20704 1.64818 5.89852 8.49305 2.8268 -4.84785 -4.07226 -1.43988 -0.690154 1.05499 -1.99312 8.44503 -2.71948 5.48871 0.878161 1.94784 -4.28279 -4.90714 0.279647 -2.02709 0.0502463 -5.00559 2.52135 1.52682 -1.92524 -0.874514 -2.26274 |
000031 |  11.9146 9.07678 8.58348 3.34557 -4.05732 -5.2533 -11.9364 -8.34771 -8.24389 -1.43636 3.42225 6.62966 11.929 2.97979 -7.90128 -6.31731 -0.0573418 1.13949 2.69993 1.15707 10.1294 -5.27208 3.69419 1.27327 3.94387 -4.188 -6.29532 -1.46072 -4.54715 0.308143 -6.57183 4.34815 3.28232 -0.795624 -3.42726 -3.64905 |
000032 |  11.2426 11.7516 9.36045 2.92959 -3.57022 -4.71342 -10.8325 -11.8768 -10.3351 -0.97924 4.17528 7.12617 13.7911 3.44533 -10.0682 -7.70368 0.519639 2.2833 3.10036 3.96756 12.1463 -6.30341 2.06295 1.03003 4.75082 -5.31553 -7.24376 -2.52372 -5.59566 0.540563 -7.06049 5.16784 4.2823 -0.39423 -4.68822 -4.39522 |
000033 |  10.7477 13.4845 9.59104 2.2457 -2.90189 -3.92114 -8.61549 -13.1927 -12.1003 -0.95273 3.59886 7.41289 13.765 4.63131 -11.0362 -7.92746 -0.104228 2.46755 1.92086 6.13409 14.5644 -5.43596 0.73412 -0.0125181 4.11137 -7.95693 -7.70139 -2.70529 -4.74323 0.747803 -6.12413 4.57539 4.30818 -0.986411 -4.23742 -4.33629 |
000034 |  10.268 14.1602 9.34743 1.49125 -2.05172 -2.97759 -5.50662 -12.3895 -13.4666 -1.24458 1.87355 7.48341 11.7744 6.37958 -10.8181 -7.04051 -1.80034 1.77615 -0.390279 7.54735 17.1118 -2.97036 -0.310572 -1.69427 2.21335 -11.6057 -7.62612 -2.12666 -2.25541 0.914496 -4.04002 2.74536 3.52179 -2.42878 -2.27672 -3.58707 |
000035 |  9.63516 13.7084 8.7161 0.944964 -1.01984 -2.03775 -1.97872 -10.0071 -14.2927 -1.58583 -0.396751 7.30585 8.22774 8.10282 -9.77923 -5.32965 -4.0149 0.534816 -2.84352 8.21875 19.2718 0.190919 -1.18128 -3.56029 -0.484451 -15.1979 -6.99034 -1.19546 0.967158 1.00891 -1.38762 0.357561 2.29271 -4.20517 0.489124 -2.49373 |
000036 |  8.6626 12.1741 7.84195 0.720649 0.151808 -1.1876 1.43215 -6.89542 -14.4683 -1.68403 -2.54004 6.83395 3.7669 9.05583 -8.44241 -3.25405 -5.95793 -0.785759 -4.34296 8.28123 20.4984 2.95037 -1.98645 -5.05556 -3.33747 -17.5949 -5.84255 -0.369281 3.84416 0.999003 1.06624 -1.62932 1.08713 -5.62167 3.09637 -1.50165 |
000037 |  7.29952 9.69806 6.83678 0.88465 1.39246 -0.500326 4.3017 -3.80197 -13.962 -1.29174 -3.91705 6.04333 -0.972941 8.62439 -7.29342 -1.31157 -6.88248 -1.72788 -4.06332 7.66781 20.3608 4.49993 -2.78525 -5.78397 -5.828 -17.8465 -4.23467 0.0170047 5.55328 0.862995 2.6185 -2.54317 0.313706 -6.18588 4.81564 -0.934406 |
000038 |  5.59296 6.52073 5.77772 1.41141 2.61818 -0.0107034 6.33961 -1.25186 -12.7475 -0.335237 -4.2127 4.96344 -5.36372 6.53724 -6.68151 0.145732 -6.39548 -2.02107 -1.75859 6.46611 18.7507 4.44664 -3.56523 -5.56006 -7.58253 -15.5376 -2.26752 -0.231573 5.59231 0.606222 2.96243 -2.06674 0.149502 -5.64887 5.22996 -0.963368 |
000039 |  3.76127 3.00731 4.68489 2.13521 3.72716 0.328255 7.43815 0.539241 -10.9023 1.12549 -3.39291 3.66738 -9.02579 2.96494 -6.73431 0.933599 -4.457 -1.59448 2.27661 4.66969 15.8231 2.91126 -4.25394 -4.4682 -8.47472 -10.8696 -0.0945696 -1.08268 4.02871 0.258188 2.04647 -0.25902 0.61093 -4.0203 4.26086 -1.60817 |
000040 |  2.03199 -0.629848 3.51407 2.82867 4.60332 0.59398 7.65361 1.71599 -8.51525 2.88842 -1.75522 2.25755 -11.805 -1.47869 -7.30629 1.1084 -1.45692 -0.608412 7.24225 2.30627 12.0375 0.391014 -4.77783 -2.77469 -8.48004 -4.6568 2.05707 -2.29787 1.38844 -0.147759 0.158883 2.33481 1.49299 -1.68245 2.3379 -2.65383 |
000041 |  0.645707 -4.02124 2.25825 3.31834 5.18052 0.85266 7.1598 2.69451 -5.68185 4.62191 0.0902736 0.842967 -13.7073 -5.86834 -8.11954 0.950523 1.90444 0.5815 11.9169 -0.542478 8.02971 -2.17273 -5.00501 -0.946677 -7.95089 1.91106 4.08216 -3.51821 -1.43611 -0.563497 -2.05446 4.89377 2.39865 0.830922 0.125579 -3.77644 |
000042 |  -0.267958 -6.95054 0.924868 3.43984 5.38815 1.17591 6.29865 3.94345 -2.57149 6.00322 1.48351 -0.511256 -14.9983 -9.14388 -8.73418 0.856712 4.81265 1.5441 14.9975 -3.87176 4.42892 -3.73891 -4.84901 0.525555 -7.20825 7.48366 5.82162 -4.30579 -3.37308 -0.962297 -3.89055 6.48009 2.8623 2.84484 -1.46846 -4.53664 |
000043 |  -0.709983 -9.20115 -0.405078 3.1819 5.20924 1.56242 5.34385 5.79038 0.690645 6.77103 1.90786 -1.76572 -15.9422 -10.4349 -8.77102 1.21882 6.52882 1.87963 15.5388 -7.55178 1.70535 -3.5623 -4.25798 1.32616 -6.56088 10.9857 7.17926 -4.34644 -3.62215 -1.32764 -4.75223 6.36436 2.48505 3.8471 -1.74764 -4.57556 |
000044 |  -0.856499 -10.6862 -1.58881 2.67248 4.65602 1.93957 4.46414 8.19915 3.96477 6.83019 1.22868 -2.90308 -16.6711 -9.39018 -8.07642 2.20084 6.7012 1.4134 13.3805 -11.3686 -0.0156057 -1.55202 -3.27205 1.44314 -6.05321 12.0562 8.07274 -3.58278 -2.01662 -1.65751 -4.46657 4.34969 1.13792 3.6572 -0.488851 -3.74586 |
000045 |  -0.990971 -11.3722 -2.44903 2.10765 3.78285 2.19872 3.62149 10.7233 7.12339 6.25583 -0.252302 -3.89107 -17.0119 -6.22797 -6.80007 3.65042 5.47362 0.260591 9.21563 -14.9993 -0.939383 1.63951 -2.03745 1.15099 -5.50719 11.1309 8.4765 -2.25145 0.906191 -1.94506 -3.2935 0.962357 -0.966689 2.55172 1.84832 -2.23124 |
000046 |  -1.38497 -11.2805 -2.81659 1.67047 2.67307 2.24854 2.73542 12.6611 9.97993 5.26701 -1.94461 -4.67586 -16.6097 -1.70987 -5.34481 5.12068 3.43278 -1.19479 4.26238 -18.0233 -1.44402 4.9506 -0.753665 0.855332 -4.55599 9.18769 8.38071 -0.772211 4.12928 -2.18187 -1.75216 -2.80422 -3.38092 1.06346 4.41017 -0.436235 |
000047 |  -2.2456 -10.5284 -2.5948 1.47576 1.40204 2.03685 1.66298 13.303 12.3465 4.1224 -3.20116 -5.18139 -15.0859 3.17237 -4.17366 6.09139 1.30865 -2.48921 -0.261218 -20.0452 -1.87057 7.32873 0.363616 0.90759 -2.92046 7.2428 7.81526 0.419827 6.60309 -2.35843 -0.382305 -5.90864 -5.60265 -0.230497 6.29039 1.16804 |
000048 |  -3.62622 -9.2341 -1.77641 1.55529 0.061183 1.56623 0.357727 12.2165 14.0701 3.04344 -3.54749 -5.34252 -12.2828 7.49773 -3.63412 6.18401 -0.289589 -3.25581 -3.40369 -20.6696 -2.42089 8.03213 1.15185 1.50821 -0.367062 6.02867 6.78377 1.0182 7.57726 -2.47066 0.392683 -7.63696 -7.21861 -0.911838 6.85052 2.20363 |
000049 |  -5.4372 -7.54645 -0.459428 1.83495 -1.28162 0.891579 -1.1749 9.38831 15.0519 2.15526 -2.80506 -5.13243 -8.28589 10.609 -3.88075 5.21979 -0.986858 -3.2817 -4.71265 -19.742 -3.15196 6.88969 1.52288 2.64497 2.97818 5.92105 5.39892 0.906936 6.79132 -2.51626 0.433024 -7.67078 -8.01341 -0.790432 5.82095 2.46373 |
000050 |  -7.42805 -5.73192 1.15066 2.18554 -2.5712 0.108942 -2.78923 5.21537 15.2867 1.46809 -1.14451 -4.58185 -3.49721 12.2302 -4.81774 3.27766 -0.695217 -2.56074 -4.31101 -17.2406 -3.95219 4.16097 1.47758 4.16831 6.89479 6.69371 3.71869 0.178535 4.43236 -2.51327 -0.135666 -6.08894 -8.00467 0.0378042 3.42588 1.98772 |
000051 |  -9.27924 -3.848 2.87202 2.37573 -3.76731 -0.639348 -4.19899 0.378497 14.8131 0.873814 0.965003 -3.77253 1.5145 12.5144 -6.12349 0.714163 0.291475 -1.32787 -2.85856 -13.2355 -4.55128 0.593242 1.12585 5.78668 10.927 7.66636 1.81031 -0.878271 1.20562 -2.46959 -1.03738 -3.47577 -7.40477 1.28556 0.207856 1.01367 |
000052 |  -10.6968 -2.0632 4.49593 2.27774 -4.82363 -1.26988 -5.09341 -4.16439 13.7485 0.166112 2.8568 -2.81841 6.05553 11.9008 -7.33606 -1.9799 1.44208 0.0355544 -1.43406 -8.09405 -4.61513 -2.63587 0.66011 7.09197 14.4703 7.92956 -0.218259 -1.85805 -1.92253 -2.38653 -1.7047 -0.712615 -6.68501 2.461 -2.96026 -0.0240101 |
000053 |  -11.4841 -0.51399 5.87621 1.83537 -5.69116 -1.73455 -5.2053 -7.5762 12.2288 -0.852155 3.93481 -1.82404 9.46356 11.0754 -7.94239 -4.24943 2.10218 1.07013 -1.12344 -2.28694 -3.85609 -4.37566 0.287662 7.69808 16.9053 6.55013 -2.27744 -2.32356 -3.90652 -2.24327 -1.5894 1.27077 -6.35293 3.04201 -5.16844 -0.63152 |
000054 |  -11.5719 0.673975 6.94119 1.13118 -6.30489 -2.0509 -4.40785 -9.34259 10.3752 -2.25664 3.88888 -0.858978 11.2046 10.5675 -7.53456 -5.68901 1.76527 1.42135 -2.50328 3.69551 -2.18157 -3.95736 0.142806 7.37875 17.83 3.09156 -4.28616 -1.99825 -4.10397 -2.00792 -0.390736 1.77256 -6.74421 2.67188 -5.79654 -0.453163 |
000055 |  -11.089 1.39008 7.6933 0.327311 -6.58578 -2.28167 -2.86947 -9.42271 8.31504 -3.95445 2.81038 0.0560364 11.1824 10.5537 -6.02733 -6.14462 0.309451 0.972067 -5.36662 9.47185 0.231581 -1.56311 0.254635 6.18398 17.1473 -2.08867 -6.10621 -0.901187 -2.56743 -1.65082 1.83055 0.715409 -7.87979 1.35419 -4.77573 0.5476 |
000056 |  -10.1301 1.50851 8.11572 -0.386682 -6.49023 -2.48641 -0.91635 -8.29022 6.10241 -5.63426 1.19941 0.912907 9.60211 10.7787 -3.63201 -5.7734 -1.89418 -0.0931374 -8.57239 14.6085 2.81309 1.89092 0.491269 4.42036 15.1261 -7.93629 -7.61209 0.680036 0.0373566 -1.17666 4.55635 -1.35957 -9.37526 -0.511355 -2.63128 2.04087 |
000057 |  -8.9047 1.12297 8.29344 -0.832899 -5.97503 -2.7225 1.06495 -6.56328 3.82637 -6.96416 -0.36001 1.71382 6.88279 10.5877 -0.787657 -4.92207 -4.18379 -1.39622 -10.8406 18.9798 5.02264 5.18476 0.720606 2.53261 12.2984 -13.0444 -8.67679 2.25664 2.60555 -0.629074 7.02003 -3.70951 -10.6651 -2.3384 -0.181065 3.5094 |
000058 |  -7.5134 0.244569 8.23743 -0.936309 -5.05488 -2.9992 2.60127 -4.86814 1.6048 -7.61561 -1.29989 2.43097 3.62075 9.42242 2.00413 -3.97598 -5.86023 -2.52243 -11.0951 22.3178 6.28239 7.29102 0.818364 0.934591 9.13667 -16.1517 -9.13058 3.39299 4.22681 -0.0624744 8.54662 -5.54017 -11.1962 -3.54667 1.74895 4.43601 |
000059 |  -5.97449 -1.02355 7.93459 -0.704102 -3.78623 -3.30194 3.36613 -3.6193 -0.427893 -7.41991 -1.30036 3.02777 0.328999 6.93587 4.34161 -3.24464 -6.41853 -3.15384 -8.78117 24.4345 6.23719 7.60898 0.716148 -0.0748711 6.02888 -16.5435 -8.89487 3.80484 4.34562 0.455756 8.67006 -6.34537 -10.6162 -3.77295 2.6127 4.49658 |
000060 |  -4.2116 -2.50508 7.35744 -0.261777 -2.26466 -3.57429 3.24456 -2.95476 -2.16293 -6.37755 -0.338654 3.46102 -2.6223 3.1164 6.00204 -2.8935 -5.66599 -3.14332 -3.99118 25.2323 4.81588 6.06682 0.411269 -0.375664 3.20613 -14.142 -7.98944 3.4131 2.8797 0.882718 7.2585 -5.97854 -8.85197 -2.91817 2.21951 3.60714 |
000061 |  -2.09819 -3.99483 6.45662 0.191065 -0.608535 -3.73957 2.34697 -2.68583 -3.52974 -4.67726 1.27919 3.6967 -5.02447 -1.65842 6.96969 -2.92096 -3.75142 -2.53593 2.52306 24.6724 2.24712 3.11555 -0.0297085 -0.0602142 0.745784 -9.5367 -6.52912 2.35782 0.224918 1.21607 4.52928 -4.66307 -6.09824 -1.1694 0.76402 1.94103 |
000062 |  0.501259 -5.22834 5.22637 0.431966 1.05552 -3.71991 1.01153 -2.3791 -4.52399 -2.63847 2.97068 3.71862 -6.83692 -6.69833 7.40991 -3.17083 -1.09785 -1.54018 9.48447 22.7122 -0.942915 -0.344648 -0.479543 0.559111 -1.4835 -3.8401 -4.72127 0.981537 -2.81307 1.49138 1.04956 -2.99938 -2.83429 1.03772 -1.19471 -0.106242 |
000063 |  3.44025 -6.19073 3.70562 0.503969 2.6529 -3.55082 -0.664632 -1.45718 -5.05287 -0.680791 4.05985 3.5556 -8.17313 -11.0655 7.63253 -3.27095 1.46594 -0.593138 15.3915 19.4221 -4.04704 -3.08851 -0.738091 0.959975 -3.71198 1.61021 -2.78577 -0.269508 -5.1634 1.79341 -2.45774 -1.8022 0.354233 3.02126 -2.80207 -1.95688 |
000064 |  6.62269 -6.65111 1.99582 0.286901 4.06846 -3.20121 -2.1498 0.428379 -5.25602 0.929866 4.01059 3.22906 -9.29842 -13.8907 8.00259 -2.91712 3.35253 -0.0127799 18.9172 14.9041 -6.366 -4.27687 -0.675243 0.740284 -6.10176 5.47813 -1.04036 -0.979873 -5.95172 2.17097 -5.22333 -1.7995 2.8791 4.21141 -3.26843 -3.12357 |
000065 |  9.73482 -6.62972 0.222859 0.0157122 5.26339 -2.78381 -3.46712 3.31065 -5.13991 2.08516 2.75785 2.7882 -10.3238 -14.6639 8.68617 -1.88138 4.03009 -0.0462919 19.5215 9.28772 -7.49575 -3.43079 -0.202906 -0.407351 -8.7354 7.18369 0.46221 -0.976195 -4.72969 2.66916 -6.7564 -3.38802 4.42633 4.23906 -2.19709 -3.34067 |
000066 |  12.3442 -5.93343 -1.36473 -0.258458 6.18943 -2.3294 -4.487 6.66039 -4.84333 2.78068 0.415694 2.26793 -11.0355 -13.2826 9.56707 -0.206666 3.53638 -0.643348 17.5563 2.90502 -7.489 -1.11358 0.586016 -2.25832 -11.3772 6.89056 1.64176 -0.442069 -1.94991 3.22064 -6.9949 -6.19523 5.02087 3.24617 0.177821 -2.7512 |
000067 |  14.1206 -4.78909 -2.68313 -0.303229 6.80884 -1.9529 -5.46318 9.70718 -4.42295 3.29147 -2.14702 1.70483 -11.2477 -10.2368 10.407 1.7892 2.19899 -1.53661 14.025 -3.7201 -6.7467 1.73325 1.48134 -4.38109 -13.5227 5.35329 2.52866 0.277458 1.57301 3.73419 -6.29043 -9.36927 5.07601 1.60459 3.13981 -1.71202 |
000068 |  14.8033 -3.27391 -3.60803 -0.0785164 7.08906 -1.68628 -6.48085 11.6023 -3.96516 3.82288 -4.19261 1.13112 -10.5348 -6.28169 10.8226 3.61202 0.663572 -2.31428 10.1429 -10.1398 -5.8181 3.99303 2.20827 -6.18368 -14.7094 3.67 3.22729 0.750917 4.76073 4.0982 -5.167 -11.8306 5.08058 -0.106725 5.75887 -0.706123 |
000069 |  14.3054 -1.46882 -4.10988 0.390696 7.03506 -1.53547 -7.65985 11.7478 -3.56249 4.47149 -5.19752 0.586333 -8.6189 -2.24759 10.454 4.87528 -0.567843 -2.68354 6.88053 -15.6547 -5.23338 4.83556 2.56587 -7.17565 -14.665 2.55433 3.74055 0.64605 6.69852 4.23326 -4.04641 -12.7351 5.38385 -1.3624 7.2415 -0.142883 |
000070 |  12.6567 0.534279 -4.18289 1.00243 6.65378 -1.46921 -8.88927 10.0093 -3.21065 5.23918 -4.9883 0.110108 -5.33607 1.2148 9.16823 5.24155 -1.0481 -2.40735 4.74528 -19.9998 -5.20614 3.96637 2.43761 -7.13948 -13.265 2.63625 4.16536 -0.141559 6.97964 4.12428 -3.29408 -11.5716 6.24596 -1.86473 7.15487 -0.230549 |
000071 |  10.2049 2.50553 -4.02384 1.48507 5.93655 -1.39355 -9.97881 6.64475 -2.99044 6.06475 -3.62243 -0.274703 -0.943324 3.7552 7.04543 4.64536 -0.652858 -1.47739 3.84283 -22.8666 -5.77567 1.4265 1.79423 -6.0543 -10.6948 3.76339 4.46113 -1.53165 5.58416 3.78032 -2.8719 -8.32921 7.62861 -1.56168 5.51585 -0.959743 |
000072 |  7.26376 4.38473 -3.76149 1.67043 4.91465 -1.2485 -10.6556 2.34647 -2.90414 6.74913 -1.61052 -0.548908 4.08815 5.24564 4.3637 3.26127 0.431662 -0.0665033 3.7028 -24.0604 -6.64327 -2.14464 0.774669 -4.24826 -7.32537 5.43181 4.60381 -3.25342 2.99998 3.26298 -2.61248 -3.56961 9.29026 -0.663933 2.74641 -2.1245 |
000073 |  4.16188 6.03393 -3.5294 1.44361 3.63135 -0.989081 -10.622 -1.92775 -2.9211 7.05024 0.342038 -0.714741 9.08561 5.92863 1.53157 1.4867 1.74563 1.50023 3.44965 -23.6281 -7.28193 -5.73975 -0.370489 -2.28282 -3.67292 6.74558 4.55525 -4.8994 0.100127 2.63102 -2.09368 1.79719 10.8326 0.381662 -0.365064 -3.34241 |
000074 |  1.11604 7.37403 -3.42469 0.82964 2.1572 -0.623737 -9.55824 -5.23583 -3.01532 6.73259 1.51575 -0.792061 13.307 6.24603 -0.96825 -0.175949 2.69827 2.84615 2.05241 -21.7557 -7.06792 -8.18797 -1.34111 -0.822994 -0.280715 6.65168 4.31944 -6.03006 -2.06675 1.91799 -0.80172 6.67587 11.7783 1.01649 -2.88592 -4.15517 |
000075 |  -1.8027 8.30632 -3.45503 0.00590656 0.592346 -0.216664 -7.33583 -6.94083 -3.13117 5.66655 1.48725 -0.804806 16.1164 6.61405 -2.72076 -1.26892 2.76303 3.65628 -1.24483 -18.6912 -5.56617 -8.60567 -1.89757 -0.370867 2.42115 4.40745 3.93356 -6.3278 -2.69216 1.11236 1.62147 10.1207 11.7391 0.77104 -4.04342 -4.18091 |
000076 |  -4.6221 8.75671 -3.59106 -0.788766 -0.947949 0.140471 -4.01972 -6.97723 -3.24919 3.91041 0.321296 -0.776269 17.1678 7.20017 -3.52777 -1.55141 1.71604 3.7906 -6.46331 -14.6243 -2.80015 -6.83717 -1.96849 -1.00179 4.29528 -0.0374178 3.48401 -5.71684 -1.5725 0.170815 5.16523 11.7296 10.6316 -0.480435 -3.56994 -3.2951 |
000077 |  -7.42787 8.61154 -3.76507 -1.28612 -2.33439 0.34515 0.011169 -5.77586 -3.318 1.70484 -1.46301 -0.713835 16.5277 7.80699 -3.44895 -1.08761 -0.245241 3.33047 -12.7831 -9.74269 0.704349 -3.52568 -1.66709 -2.33905 5.44045 -5.90442 3.08028 -4.4039 0.795828 -0.927478 9.31262 11.7555 8.72996 -2.42526 -1.82117 -1.70824 |
000078 |  -10.2467 7.84362 -3.93427 -1.28297 -3.45538 0.32475 4.23542 -4.0678 -3.28929 -0.579208 -3.10341 -0.60957 14.5704 7.87935 -2.74522 -0.188412 -2.58909 2.51989 -18.8677 -4.17631 4.12291 0.205015 -1.2039 -3.75596 6.20623 -11.8533 2.78702 -2.77589 3.45211 -2.15774 13.1767 10.8444 6.60241 -4.44911 0.430572 0.127285 |
000079 |  -12.9114 6.53633 -4.10922 -0.87447 -4.27512 0.118545 8.18835 -2.63391 -3.21694 -2.53947 -3.90848 -0.464753 11.8739 6.98509 -1.76955 0.734349 -4.62982 1.67255 -23.3552 1.76852 6.65588 3.0844 -0.814749 -4.56791 6.93274 -16.5926 2.62204 -1.21943 5.39436 -3.45191 15.9282 9.81609 4.82721 -5.86711 2.34406 1.69575 |
000080 |  -15.2047 4.85078 -4.32357 -0.0983697 -4.75459 -0.250634 11.3758 -1.86343 -3.03916 -3.89335 -3.47157 -0.2698 8.99684 4.68076 -0.839976 1.29681 -5.77485 1.07048 -25.3569 7.64524 7.73937 4.42809 -0.607465 -4.47153 7.81456 -18.9765 2.6263 -0.070018 5.91593 -4.68056 16.9046 9.09413 3.85524 -6.21573 3.29319 2.6023 |
000081 |  -16.785 2.94391 -4.67688 0.781843 -4.93482 -0.672806 13.5042 -1.93094 -2.7292 -4.50142 -1.76333 -0.0371043 6.36166 0.941646 -0.163219 1.3004 -5.73633 0.858876 -24.5384 12.9995 7.18779 3.87234 -0.632206 -3.33798 8.96492 -18.5418 2.76933 0.504244 4.72436 -5.74538 15.8453 8.91203 3.89219 -5.31999 3.03144 2.66423 |
000082 |  -17.3711 1.00641 -5.23406 1.48006 -4.87577 -1.02871 14.5079 -2.58387 -2.24964 -4.427 0.861637 0.209043 4.17873 -3.911 0.209321 0.738056 -4.53841 1.04669 -21.1728 17.4017 5.16327 1.6679 -0.8222 -1.38151 10.2822 -15.3953 3.0559 0.500579 2.0433 -6.56048 12.9192 9.13053 4.87198 -3.3288 1.67969 1.9315 |
000083 |  -16.6323 -0.756285 -6.1014 1.74475 -4.65717 -1.22223 14.5375 -3.28345 -1.58151 -3.89224 3.77419 0.436822 2.43666 -9.18242 0.370577 -0.181363 -2.53734 1.49099 -16.1236 20.3987 2.13082 -1.47867 -1.05082 0.969701 11.4727 -10.367 3.45565 0.129436 -1.39886 -7.11096 8.62727 9.31553 6.47211 -0.676448 -0.261095 0.697568 |
000084 |  -14.5501 -2.19774 -7.23504 1.54472 -4.30295 -1.23957 13.8877 -3.25705 -0.671063 -3.26465 6.15784 0.609483 0.971979 -14.1052 0.528175 -1.13368 -0.294601 1.95633 -10.7619 21.5924 -1.18698 -4.33713 -1.09376 3.07391 12.0999 -4.60725 4.02684 -0.267491 -4.54021 -7.42729 3.74263 8.69696 8.14752 2.00625 -2.05561 -0.558428 |
000085 |  -11.1741 -3.18628 -8.58068 0.838586 -3.85539 -1.07236 12.9454 -1.98332 0.429118 -2.86501 7.31483 0.688653 -0.521758 -17.7451 0.965465 -1.68352 1.50316 2.12497 -6.49781 20.8608 -4.04416 -5.8233 -0.75658 4.40927 11.8256 0.408925 4.69603 -0.301722 -6.30546 -7.56763 -0.867084 6.66951 9.31537 4.1056 -2.92882 -1.33491 |
000086 |  -6.94504 -3.68806 -9.94916 -0.0545938 -3.27352 -0.854091 11.8606 0.773439 1.71709 -2.8856 6.90451 0.66309 -2.23308 -19.5311 1.87018 -1.53726 2.33316 1.75803 -4.25599 18.1882 -5.98623 -5.16143 0.0885316 4.63623 10.3825 3.76785 5.4283 0.267632 -6.01346 -7.55583 -4.63836 2.83022 9.56316 5.18047 -2.38038 -1.25676 |
000087 |  -2.39731 -3.72533 -11.1296 -0.842546 -2.53081 -0.702852 10.6656 4.68153 3.11544 -3.2727 5.06414 0.542914 -4.06921 -19.2843 3.22706 -0.666647 2.08014 0.809438 -4.09202 13.8687 -6.94969 -2.49687 1.3708 3.86246 7.89333 5.2252 6.07051 1.39088 -3.74664 -7.35075 -7.31595 -2.55581 8.82449 5.18755 -0.447681 -0.291938 |
000088 |  1.93564 -3.39332 -11.9405 -1.2636 -1.62148 -0.722586 9.15022 8.94075 4.52563 -3.75487 2.41822 0.363507 -5.6979 -17.3109 4.82125 0.678091 1.01315 -0.548684 -5.18577 8.41606 -7.2619 1.22581 2.83232 2.53428 4.72504 5.28506 6.46581 2.75173 -0.247476 -6.8629 -9.0613 -8.58978 7.43454 4.45304 2.24869 1.23009 |
000089 |  5.56848 -2.78232 -12.2344 -1.16826 -0.568917 -0.967264 7.10015 12.5809 5.82435 -3.98644 -0.215375 0.171241 -6.65735 -14.3011 6.28611 2.04892 -0.325886 -1.987 -6.34625 2.50956 -7.38008 4.77235 4.13824 1.18623 1.45928 4.84956 6.46341 3.88502 3.35117 -6.02728 -10.1717 -14.1083 5.90179 3.45237 4.84795 2.80697 |
000090 |  8.22972 -1.98304 -11.9613 -0.577623 0.564312 -1.42388 4.37477 14.7418 6.88801 -3.69483 -2.08728 0.0115421 -6.55231 -10.9776 7.25699 3.00302 -1.38031 -3.1509 -6.5014 -3.20079 -7.70538 7.04097 4.97949 0.277899 -1.42818 4.76052 6.0002 4.3905 6.05483 -4.83839 -10.9574 -18.0181 4.73346 2.63715 6.5238 3.9445 |
000091 |  9.84386 -1.06977 -11.134 0.338651 1.69219 -2.01672 1.03898 14.9247 7.6215 -2.77324 -2.75517 -0.0888703 -5.17175 -7.95802 7.47555 3.22173 -1.73774 -3.76778 -5.05955 -8.15841 -8.41671 7.41184 5.16688 0.0559047 -3.62557 5.53636 5.09857 4.02238 7.19566 -3.36323 -11.5856 -19.5976 4.26055 2.28749 6.76045 4.3249 |
000092 |  10.5684 -0.0591324 -9.86059 1.24491 2.71316 -2.60763 -2.64416 13.0594 7.93389 -1.28464 -2.12701 -0.11624 -2.58179 -5.59286 6.86878 2.60706 -1.2475 -3.72069 -1.90632 -12.0393 -9.52441 5.77013 4.6486 0.556867 -5.05821 7.27083 3.86316 2.76007 6.5767 -1.73077 -11.9775 -18.5828 4.51404 2.48655 5.44951 3.86204 |
000093 |  10.7111 1.03362 -8.29576 1.78397 3.51576 -3.05256 -6.2765 9.50385 7.78074 0.522173 -0.546602 -0.0840531 0.872098 -3.90897 5.57218 1.27882 -0.0440803 -3.07167 2.48091 -14.6188 -10.7788 2.54968 3.53673 1.60527 -5.86356 9.55044 2.40304 0.773959 4.45966 -0.067527 -11.9306 -15.2938 5.30732 3.08054 2.89387 2.72891 |
000094 |  10.5109 2.04754 -6.59811 1.74591 4.05215 -3.26317 -9.39175 5.13591 7.20319 2.31628 1.38296 -0.0140523 4.66309 -2.59732 3.89978 -0.449748 1.49265 -2.05099 7.11482 -16.0496 -11.7967 -1.26643 2.0675 2.80034 -6.3494 11.611 0.829616 -1.54062 1.56906 1.50606 -11.0222 -10.4083 6.1881 3.69069 -0.183912 1.35371 |
000095 |  10.1345 3.01732 -4.86823 1.06423 4.30401 -3.20055 -11.5141 0.945328 6.22304 3.71326 2.82499 0.0686667 8.14797 -1.25179 2.26281 -2.13649 2.79961 -1.00553 10.6827 -16.5445 -12.0511 -4.37028 0.597131 3.60378 -7.03031 12.4956 -0.755878 -3.72806 -1.09055 2.96653 -8.81375 -5.02335 6.58548 3.87637 -2.97627 0.217213 |
000096 |  9.52396 3.86842 -3.12236 -0.0758067 4.30852 -2.91996 -12.3365 -2.21229 4.90769 4.44615 3.11111 0.148095 10.7106 0.588764 1.06949 -3.32393 3.29537 -0.315258 12.0228 -16.203 -11.0269 -5.62664 -0.571247 3.54342 -8.17007 11.3054 -2.39645 -5.34226 -2.59796 4.33418 -4.99588 -0.14554 6.0409 3.19798 -4.69122 -0.219594 |
000097 |  8.5468 4.50962 -1.35284 -1.36542 4.1295 -2.5258 -11.7984 -3.90051 3.32714 4.43958 1.99961 0.224407 11.9831 3.14252 0.565085 -3.77113 2.70939 -0.175537 10.6934 -15.1724 -8.57225 -4.54182 -1.30103 2.40865 -9.85361 7.73675 -4.13152 -6.13061 -2.45955 5.64857 0.372332 3.58718 4.38171 1.47284 -4.93402 0.23654 |
000098 |  7.0221 4.8712 0.475467 -2.44573 3.83973 -2.13828 -10.1244 -4.2888 1.56073 3.83473 -0.201365 0.310012 11.9006 6.20301 0.729558 -3.49821 1.14559 -0.558511 7.23865 -13.4282 -4.97297 -1.55691 -1.66633 0.397015 -11.8687 2.24285 -5.94792 -6.10428 -0.828615 6.90003 6.72875 6.06688 1.87438 -1.0753 -3.90437 1.39124 |
000099 |  4.8049 4.87197 2.36237 -3.03622 3.50205 -1.86106 -7.72471 -4.03299 -0.310977 2.92789 -2.76061 0.418799 10.7024 9.19132 1.31882 -2.7621 -0.93047 -1.22376 2.91552 -10.8368 -0.859426 2.17422 -1.86072 -1.96192 -13.7287 -4.10158 -7.77031 -5.50534 1.53508 7.9872 13.1448 7.61833 -0.9024 -3.88622 -2.20443 2.78012 |
000100 |  2.0004 4.4994 4.28061 -2.96455 3.16644 -1.76265 -5.10858 -3.77263 -2.16742 2.04375 -4.79888 0.562911 8.78806 11.4936 1.98201 -1.90444 -2.91064 -1.85362 -0.714148 -7.46371 2.99399 5.2953 -2.10228 -4.01992 -14.9625 -9.94774 -9.4003 -4.63938 3.75684 8.77369 18.4559 8.77381 -3.22823 -6.21961 -0.658244 3.82777 |
